0 0 0 0 0 0 0.3 0 0 0 0.7
0.1 0.1 0.2 0.2 0.2 0.2 0 0 0 0 0
0.05 0.05 0.05 0.05 0.05 0.05 0.2 0.2 0.125 0.125 0.05
0.14 0.14 0.05 0.14 0.14 0.14 0.05 0.05 0.05 0.05 0.05
0.14 0.14 0.05 0.14 0.14 0.14 0.05 0.05 0.05 0.05 0.05
0.14 0.14 0.14 0.05 0.14 0.14 0.05 0.05 0.05 0.05 0.05
0.14 0.14 0.14 0.05 0.14 0.14 0.05 0.05 0.05 0.05 0.05
0.095 0.095 0.095 0.05 0.095 0.095 0.095 0.095 0.095 0.095 0.095
0.095 0.095 0.05 0.095 0.095 0.095 0.095 0.095 0.095 0.095 0.095
0.09 0.09 0.09 0.09 0.09 0.09 0.09 0.09 0.09 0.09 0.09
0.09 0.09 0.09 0.09 0.09 0.09 0.09 0.09 0.09 0.09 0.09
0.05 0.05 0.1 0.1 0.1 0.1 0.1 0.1 0.1 0.1 0.1
0.05 0.05 0.1 0.1 0.1 0.1 0.1 0.1 0.1 0.1 0.1
0.05 0.05 0.1 0.1 0.1 0.1 0.1 0.1 0.1 0.1 0.1
0.05 0.05 0.1 0.1 0.1 0.1 0.1 0.1 0.1 0.1 0.1
0.08 0.08 0.08 0.08 0.08 0.08 0.135 0.135 0.05 0.135 0.135
0.08 0.08 0.08 0.08 0.08 0.08 0.135 0.135 0.135 0.05 0.095
0.095 0.095 0.095 0.095 0.095 0.095 0.095 0.095 0.05 0.095 0.095
0.095 0.095 0.095 0.095 0.095 0.095 0.095 0.095 0.095 0.05 0.095
0.1 0.1 0.1 0.1 0.1 0.1 0.1 0.1 0.05 0.05 0.1
0.1 0.1 0.1 0.1 0.1 0.1 0.1 0.1 0.05 0.05 0.1
0.1 0.1 0.1 0.1 0.1 0.1 0.1 0.1 0.05 0.05 0.1
0.1 0.1 0.1 0.1 0.1 0.1 0.1 0.1 0.05 0.05 0.1
0.1 0.1 0.1 0.1 0.1 0.1 0.1 0.1 0.05 0.05 0.1
0.1 0.1 0.1 0.1 0.1 0.1 0.1 0.1 0.05 0.05 0.1
0.1 0.1 0.1 0.1 0.05 0.05 0.1 0.1 0.1 0.1 0.1
0.1 0.1 0.1 0.1 0.05 0.05 0.1 0.1 0.1 0.1 0.1
0.1 0.1 0.1 0.1 0.05 0.05 0.1 0.1 0.1 0.1 0.1
0.17 0.17 0.17 0.17 0.17 0.17 0 0 0 0 0