277 233 227 276 184 229 275 137 230 277 114 231 252 157 226 247 192 225 246 222 217 250 230 215 300 160 229 305 198 230 307 228 224 304 228 223 265 233 223 263 289 219 255 339 224 264 328 218 289 233 224 285 288 224 274 338 226 278 325 221 275 149 230 251 239 215 244 229 213 305 236 222 299 227 217 
277 233 227 276 184 229 275 137 230 277 114 231 252 157 226 247 192 225 247 222 217 250 229 215 301 161 229 305 198 230 307 228 224 304 228 223 265 233 223 263 289 218 255 338 224 265 328 217 289 233 224 285 288 224 274 338 226 279 325 221 275 149 230 251 239 215 245 230 213 305 237 223 299 228 217 
278 233 227 276 184 229 275 137 231 278 114 231 252 157 226 247 192 225 247 222 217 250 230 215 301 161 229 305 198 230 307 228 224 304 228 223 266 233 223 263 289 217 255 338 223 266 328 217 290 233 224 286 288 224 274 338 226 279 325 221 275 149 230 251 239 214 244 230 215 305 237 223 299 226 218 
278 233 227 276 184 229 275 138 231 278 114 231 252 157 226 247 192 225 247 222 217 250 229 215 301 161 230 305 198 230 307 228 224 305 228 223 266 233 223 263 288 217 256 338 223 266 328 217 290 233 224 286 288 223 275 338 226 279 324 221 275 149 231 251 239 214 245 230 213 305 237 223 300 228 218 
278 233 227 277 184 229 275 138 231 278 114 231 253 157 227 247 192 225 247 222 217 250 229 215 301 161 230 306 198 231 307 228 224 305 227 223 266 233 223 263 288 216 255 338 222 267 328 217 290 233 224 286 288 223 276 338 226 279 324 221 276 149 231 252 238 214 245 230 213 306 236 222 300 226 218 
278 233 227 277 184 229 276 138 231 278 114 231 253 157 227 247 192 225 247 222 217 250 230 215 302 161 230 306 198 231 307 228 224 305 228 223 266 232 223 263 288 215 256 337 222 268 328 217 290 233 224 286 288 223 276 338 226 279 324 221 276 149 231 252 239 214 245 230 214 305 236 222 300 228 218 
279 233 227 277 184 229 276 138 231 278 114 231 253 157 227 247 191 225 248 222 216 250 230 214 302 161 230 306 198 231 308 228 224 306 235 223 267 232 223 264 288 214 257 337 221 269 327 217 291 233 224 286 288 223 277 339 226 280 324 221 276 149 231 252 239 213 245 229 212 304 241 223 303 232 220 
279 233 227 277 184 229 276 138 231 279 114 231 253 157 227 247 191 225 248 222 216 250 229 214 302 161 230 306 198 231 308 228 224 306 235 223 267 232 223 264 288 213 257 337 220 270 327 216 291 233 224 287 288 223 277 339 226 280 324 221 276 149 231 252 238 213 245 229 212 304 241 224 303 235 220 
279 232 227 277 184 230 276 138 231 279 114 231 253 157 227 247 191 226 248 222 216 251 229 214 302 161 230 306 198 231 308 228 224 306 235 224 267 232 223 264 287 213 258 337 220 270 326 215 291 233 224 287 287 223 277 338 225 281 324 220 277 149 231 252 238 213 245 228 212 305 241 223 303 233 220 
279 232 227 278 184 230 276 138 231 279 115 232 254 157 228 247 191 226 248 221 216 251 228 214 302 161 230 306 198 231 307 227 225 306 234 224 267 232 223 264 287 212 258 337 219 270 325 215 291 233 224 287 287 223 277 338 225 281 324 220 277 149 231 253 238 213 245 229 213 304 240 223 303 233 220 
279 232 227 278 184 230 277 138 231 279 115 232 254 157 228 247 191 226 248 221 216 251 228 214 303 161 230 306 198 231 308 227 224 305 234 223 267 232 223 264 286 211 258 337 218 270 325 215 291 233 224 287 287 223 277 338 225 281 324 220 277 149 231 252 238 212 245 229 213 305 240 223 303 233 220 
279 232 227 278 184 230 277 138 232 279 115 232 254 157 228 247 191 226 248 221 216 251 228 214 303 161 230 307 197 231 308 227 225 306 231 223 267 231 223 264 286 211 258 336 218 270 325 214 291 233 224 287 287 223 277 338 225 281 324 220 277 149 231 253 237 212 245 228 212 308 239 223 303 233 220 
279 232 227 278 184 230 277 138 232 279 115 232 254 157 228 247 191 227 248 221 216 251 228 214 303 161 230 307 197 231 308 227 225 306 234 224 267 231 223 264 286 210 258 337 217 270 325 214 291 233 224 287 287 223 277 338 225 282 324 220 277 149 232 253 237 212 245 229 212 305 240 224 303 235 220 
280 232 227 278 184 230 277 138 232 279 115 232 254 157 228 247 191 227 248 221 216 251 227 214 303 161 230 307 197 231 308 226 225 306 233 223 267 231 223 264 286 210 258 336 217 270 325 214 292 233 224 287 287 223 277 338 225 282 324 220 277 149 232 254 237 211 245 228 213 305 239 223 303 232 220 
279 232 227 278 184 230 277 138 232 279 115 232 254 157 229 247 191 227 248 221 216 251 227 214 303 161 230 308 196 231 308 225 225 306 232 223 267 231 223 263 285 209 259 335 216 272 325 214 292 233 224 287 287 223 277 338 225 283 325 220 277 149 232 254 237 211 246 229 213 305 239 223 304 238 222 
280 232 227 278 184 230 277 138 232 280 115 232 255 157 229 247 190 227 248 221 216 251 228 214 303 161 230 308 196 231 308 225 225 306 232 223 268 231 223 263 284 209 259 335 216 273 327 213 292 233 224 287 287 223 277 338 225 283 325 220 278 150 232 254 237 210 245 230 213 307 242 223 303 234 220 
280 232 227 278 184 230 278 138 232 280 115 232 255 157 229 247 190 228 248 221 216 251 227 214 303 161 230 308 196 231 308 225 225 306 232 223 268 231 224 262 284 208 259 334 216 275 329 212 292 233 224 287 287 223 277 338 225 283 325 220 278 150 232 254 237 209 245 230 213 307 241 223 303 233 220 
280 232 227 279 184 230 278 138 232 280 115 232 255 158 229 247 190 228 248 221 216 251 227 214 303 161 230 308 195 231 308 225 225 306 232 223 268 231 224 262 283 208 259 333 216 275 331 212 292 233 224 287 287 223 277 338 225 282 324 220 278 150 232 254 236 209 246 231 213 308 240 222 303 233 220 
280 232 227 279 184 230 278 138 232 280 115 232 255 158 229 247 189 229 248 221 216 251 226 214 304 161 230 308 195 231 308 225 225 306 232 224 268 231 224 261 283 208 259 333 215 275 333 212 292 233 224 287 287 223 277 338 225 281 324 220 278 150 232 253 236 209 246 232 214 306 240 223 303 232 220 
280 232 227 279 184 230 278 138 232 280 115 232 255 158 230 247 189 229 248 221 216 250 226 214 304 161 230 308 195 231 308 225 225 306 232 224 268 231 224 260 282 207 257 332 215 273 335 213 292 233 224 287 287 223 277 339 225 281 324 220 278 150 232 253 236 208 247 232 213 305 238 224 303 231 220 
280 232 228 279 184 231 278 138 232 280 115 232 255 158 230 247 189 229 248 218 217 250 225 215 304 161 230 308 195 231 308 225 225 306 232 224 268 231 225 260 281 207 257 332 215 272 336 213 292 233 224 287 287 223 276 339 225 281 324 220 278 150 232 253 234 209 245 228 214 305 238 224 303 231 220 
280 232 228 279 184 231 278 138 232 280 115 233 255 158 230 246 188 230 248 217 217 250 224 215 304 161 230 308 195 231 308 225 225 306 232 224 268 230 225 259 281 206 256 331 214 269 339 213 292 233 224 287 288 223 276 339 225 279 324 221 278 150 232 252 233 209 245 227 213 308 240 223 303 232 220 
279 231 228 279 184 231 278 138 232 280 115 233 255 158 230 246 188 230 248 217 217 250 224 215 304 161 230 308 195 231 308 225 225 306 229 223 267 230 225 258 280 206 255 331 214 268 341 211 292 233 224 287 288 223 275 339 225 279 324 221 278 150 232 251 234 209 246 230 213 306 239 222 303 230 220 
279 231 228 279 184 231 279 138 232 280 115 233 255 158 230 246 188 230 248 219 216 250 227 214 304 161 230 308 195 231 308 225 225 307 230 224 267 230 225 256 278 206 253 330 213 265 339 212 291 233 224 287 288 223 275 339 225 278 324 221 279 150 232 249 238 207 246 231 214 306 239 223 303 231 220 
279 231 228 279 184 231 279 138 232 280 115 233 256 158 230 246 188 231 248 220 216 250 228 213 304 161 230 308 195 231 308 225 225 307 230 224 267 230 225 255 277 206 252 329 213 261 342 211 291 233 224 286 288 223 275 339 225 278 324 221 279 150 232 248 239 207 245 228 213 306 239 224 303 231 221 
279 231 228 279 184 231 279 139 232 280 115 233 256 158 230 246 188 231 248 220 216 248 228 214 304 161 230 309 195 231 308 225 225 306 232 224 267 230 225 254 276 205 251 328 213 258 342 210 291 233 224 286 288 223 275 338 226 277 323 221 279 150 232 245 239 208 245 227 215 308 239 223 303 231 220 
279 231 228 279 184 231 279 139 232 281 115 233 256 157 230 246 188 231 248 218 217 249 226 214 305 161 230 309 195 231 308 224 225 307 230 224 266 230 226 252 275 205 250 327 213 250 341 199 291 233 224 286 288 223 275 338 226 278 323 221 279 150 232 247 235 208 244 225 214 307 239 223 303 231 220 
278 231 229 279 184 231 279 139 232 281 115 233 256 157 231 246 188 232 248 220 216 248 227 214 305 161 230 309 194 231 308 224 225 306 232 224 266 230 226 250 274 205 248 327 212 247 341 198 290 233 224 286 288 223 275 338 226 278 324 221 279 150 232 244 238 208 245 227 214 306 241 224 303 232 220 
278 231 229 279 184 231 279 139 233 281 115 233 256 157 231 246 188 232 248 218 218 249 225 215 305 161 230 309 194 231 308 224 225 306 231 224 266 230 226 248 274 206 245 327 212 244 341 198 290 233 224 285 288 223 275 338 226 278 324 221 279 150 232 244 236 208 244 223 214 307 239 223 303 231 221 
278 231 229 279 184 231 279 139 232 281 115 233 257 157 231 246 188 232 248 219 217 249 226 214 305 161 230 309 194 231 308 224 225 306 231 224 266 230 226 247 273 206 243 327 211 242 341 198 290 233 224 285 288 223 275 338 226 278 324 221 279 150 232 243 237 208 244 224 214 307 238 224 303 231 221 
277 231 229 279 184 231 279 139 233 281 115 233 257 157 231 246 188 232 248 219 217 249 225 214 305 161 230 309 194 231 308 224 225 305 230 224 265 230 226 245 273 206 240 327 211 239 341 197 289 233 225 285 288 223 275 338 226 279 324 221 279 150 232 245 232 208 243 224 215 305 239 223 300 229 219 
277 231 229 279 184 231 279 139 232 281 115 233 257 157 231 246 188 232 247 219 217 249 225 214 305 161 230 309 194 231 308 224 225 305 229 224 265 230 226 244 273 207 239 327 211 237 341 197 289 233 225 285 287 224 275 338 225 279 324 221 279 150 232 244 233 208 244 228 214 304 239 224 300 228 219 
277 231 229 279 184 231 280 139 232 281 115 233 257 157 231 246 188 233 247 219 218 249 225 214 305 161 230 310 194 231 308 224 225 305 229 224 265 230 227 243 272 207 237 326 211 235 340 198 289 232 225 285 287 224 275 338 225 279 324 221 279 150 232 245 232 208 244 227 213 305 238 224 300 228 219 
276 231 229 278 184 231 280 139 232 281 115 233 257 157 231 246 188 233 247 219 218 249 225 215 305 161 230 310 194 231 308 224 226 306 229 224 265 230 227 241 272 207 234 326 211 233 340 198 288 232 225 285 287 224 276 338 225 279 323 221 279 150 232 244 232 209 244 228 213 306 238 224 300 229 219 
276 231 229 278 184 231 280 139 232 281 115 233 257 157 231 246 188 233 247 219 218 249 226 215 305 161 230 310 194 231 309 224 226 306 229 224 265 229 227 240 272 208 231 326 211 229 340 198 288 232 225 285 286 224 276 338 225 280 323 221 279 150 232 245 232 209 244 225 216 306 238 223 301 228 219 
276 231 229 278 184 231 280 139 232 281 115 233 257 157 231 246 188 233 247 219 218 249 226 214 305 161 230 310 195 232 309 224 226 306 230 224 264 229 227 239 272 208 229 326 211 227 340 198 288 233 225 285 286 224 276 337 225 280 323 221 279 150 232 245 233 208 243 228 213 306 239 225 301 229 219 
276 231 229 278 184 231 280 139 232 281 115 233 257 157 231 246 188 233 247 219 218 249 226 214 305 161 230 310 194 232 309 225 226 307 230 225 264 229 227 238 272 209 227 326 211 225 341 198 287 233 225 285 285 224 277 337 225 280 323 221 279 150 232 244 234 209 244 225 216 308 238 224 304 229 222 
276 231 229 278 184 231 280 139 232 281 115 233 257 157 231 246 188 234 247 219 219 249 226 215 305 161 230 310 195 232 309 224 226 306 230 224 264 229 227 237 272 209 225 327 211 223 341 198 287 232 225 285 285 224 277 337 225 280 323 221 279 150 232 247 234 209 243 229 213 306 239 224 301 229 219 
275 231 229 278 184 231 280 139 232 281 115 233 257 157 231 246 188 234 247 219 219 248 227 214 305 161 230 310 195 232 309 224 226 306 230 224 264 229 227 236 272 210 223 326 211 221 341 198 287 232 225 285 285 224 277 337 225 280 322 221 279 150 232 248 234 209 243 227 215 306 239 224 301 228 219 
275 231 230 278 184 231 280 139 232 281 115 233 257 157 231 246 188 234 247 218 219 248 226 215 305 161 230 310 195 232 309 224 226 306 229 224 264 229 227 236 273 211 221 327 211 219 341 198 287 232 225 285 285 224 277 337 225 280 322 221 280 150 232 246 234 209 243 230 212 305 239 225 301 229 219 
275 231 230 278 184 231 280 138 232 282 115 233 257 157 231 246 188 234 247 218 219 248 227 215 305 161 230 310 194 232 310 224 226 306 230 225 264 229 227 235 273 211 218 326 212 215 341 198 287 232 225 285 285 224 278 337 225 280 322 221 279 150 232 247 235 209 243 229 215 307 239 225 301 229 219 
275 231 230 278 184 231 280 138 232 282 115 233 258 157 231 246 188 234 247 218 219 249 227 215 305 161 230 310 195 232 310 224 226 307 230 225 263 229 227 235 274 212 216 327 212 213 341 198 287 232 225 285 284 224 278 336 225 280 322 221 280 150 232 248 235 210 242 231 213 307 239 225 302 229 219 
275 231 230 278 184 231 280 138 232 282 115 233 258 157 231 246 188 234 248 218 220 249 228 215 305 161 230 310 195 232 310 225 226 307 230 224 263 229 227 235 274 213 214 327 212 212 341 198 287 232 225 285 284 224 278 336 225 280 322 221 280 150 232 248 236 210 243 229 214 307 239 225 301 229 219 
275 231 230 278 184 231 281 138 232 282 115 233 258 157 231 246 188 235 248 218 220 249 228 215 305 161 230 310 195 232 310 225 226 308 232 225 263 229 227 235 274 213 213 327 212 210 341 198 287 232 225 285 284 224 278 336 225 280 321 221 280 150 232 247 236 210 243 229 214 306 244 222 305 232 221 
275 231 230 278 184 231 281 138 232 282 115 233 258 157 231 246 188 235 248 218 220 249 228 215 305 161 230 310 195 232 310 225 226 308 232 225 263 229 227 235 274 214 212 326 212 209 340 198 286 232 225 285 284 224 278 336 225 280 321 221 280 150 232 247 237 210 243 232 213 307 237 224 305 230 221 
275 231 230 278 184 231 280 138 232 282 115 233 258 157 231 246 188 235 248 218 220 249 228 216 305 161 230 310 195 232 310 225 226 308 232 225 263 229 227 235 274 215 211 326 212 208 340 199 286 232 225 285 284 224 278 336 225 280 321 221 279 149 232 247 237 211 243 230 215 309 241 224 305 233 221 
275 231 230 278 184 231 280 138 232 282 115 233 258 157 231 247 188 235 248 219 220 249 229 216 305 161 230 310 195 232 310 225 226 308 232 225 263 229 227 234 275 215 210 326 213 207 340 199 286 232 225 285 283 224 279 336 225 280 321 221 279 149 232 248 237 211 243 232 215 308 241 224 305 230 222 
274 231 230 277 184 231 279 138 232 282 115 233 258 157 231 247 188 235 248 218 221 249 228 217 305 161 230 310 195 232 310 225 226 308 232 225 263 230 227 235 275 216 209 326 213 206 341 200 286 232 225 285 283 224 279 335 225 280 320 221 279 149 232 248 237 212 242 234 213 309 239 223 305 231 222 
274 231 230 277 184 231 280 138 232 282 115 233 258 157 231 247 188 235 248 218 221 249 228 217 304 161 230 310 195 232 311 225 226 308 232 225 263 230 227 235 276 217 209 326 214 206 341 200 286 232 225 285 283 224 279 336 225 281 321 221 279 149 232 247 237 212 243 233 216 307 242 224 305 234 222 
274 231 230 277 184 231 280 138 232 282 115 233 258 157 231 247 188 235 248 218 221 249 228 217 305 161 230 310 195 232 310 224 226 308 232 225 263 230 227 234 281 219 206 331 214 219 341 211 286 232 225 285 283 224 279 336 225 281 321 221 279 149 232 248 237 213 242 234 216 307 242 223 305 237 224 
274 231 230 277 184 231 280 138 232 282 115 233 258 157 231 247 188 235 247 218 221 248 228 217 305 161 230 310 195 232 310 224 226 308 232 225 262 230 227 234 281 219 206 331 214 216 340 215 286 232 225 285 283 225 279 336 225 281 321 221 279 149 232 248 237 213 243 232 216 307 242 224 305 232 221 
274 231 230 277 184 231 280 138 232 282 115 233 258 157 231 247 188 234 247 218 221 248 228 218 305 161 230 310 195 232 310 224 226 308 232 225 262 230 227 234 279 219 207 329 216 209 346 211 286 232 226 285 283 225 279 336 225 281 321 221 279 149 232 248 237 213 243 230 217 307 243 223 305 236 225 
274 231 230 277 184 231 280 138 232 282 115 232 258 157 230 247 188 234 247 218 221 248 228 218 305 160 230 310 195 232 310 224 226 308 232 225 262 230 227 235 279 219 209 329 217 207 346 209 286 232 226 285 283 225 279 336 225 281 321 221 279 149 232 248 237 214 243 231 218 307 241 224 305 230 222 
274 231 230 277 184 231 280 138 232 282 115 232 258 157 230 247 188 234 247 218 221 248 228 218 305 160 230 310 195 232 310 225 226 308 232 224 262 230 227 234 281 220 209 330 217 220 335 208 285 232 226 285 283 225 279 336 225 281 321 221 279 149 232 248 237 214 241 229 219 306 244 222 306 236 224 
274 231 230 277 184 231 280 138 232 281 115 232 257 157 230 246 188 234 246 218 220 247 228 219 305 160 230 310 195 232 310 225 225 307 232 224 262 230 227 234 281 220 209 330 218 221 330 209 285 232 226 285 283 225 279 336 225 281 321 220 279 149 232 248 237 214 241 230 219 308 240 224 304 231 221 
274 231 230 277 184 231 280 138 231 281 115 232 257 157 230 246 188 234 246 219 221 247 228 219 304 160 230 310 195 232 310 225 225 307 232 224 262 230 227 234 281 220 210 331 219 221 319 215 285 232 226 285 283 225 279 336 225 282 321 220 279 149 232 248 237 215 241 230 220 307 241 224 304 231 221 
273 231 230 277 184 231 280 138 231 281 115 232 257 157 230 246 189 234 245 218 221 247 228 219 304 160 230 309 195 232 310 225 225 307 232 224 262 230 227 234 282 220 210 331 219 220 319 215 285 232 226 285 283 225 279 336 225 282 321 220 279 149 232 247 237 215 240 228 221 306 238 224 304 231 221 
273 231 230 276 184 231 279 138 231 281 114 232 257 157 230 246 189 233 245 218 221 246 228 219 304 160 229 309 195 231 309 225 226 306 230 224 261 230 227 235 281 221 211 331 219 221 319 215 285 232 226 285 283 225 279 336 225 282 321 220 279 149 231 247 237 215 240 229 220 307 239 223 303 229 221 
273 231 230 276 184 231 279 138 231 280 114 232 256 157 229 246 189 233 245 218 221 246 228 220 304 160 229 309 195 231 309 225 226 306 231 224 261 230 227 235 282 221 211 332 220 221 320 215 284 232 226 285 283 225 279 335 225 281 321 220 278 149 231 247 237 215 240 230 220 306 239 224 303 230 221 
272 231 230 276 184 231 279 137 231 280 114 232 256 157 229 246 190 233 244 218 221 246 228 220 304 160 229 308 195 231 308 225 226 306 231 224 261 230 227 235 282 221 211 332 220 222 320 216 284 232 226 285 283 225 279 336 225 282 321 220 278 149 231 246 237 216 240 231 219 306 241 223 303 231 221 
272 231 230 275 184 231 278 137 231 279 114 232 255 157 229 245 191 233 244 219 221 245 228 220 303 160 229 308 194 231 308 224 226 305 233 224 260 230 227 234 283 221 211 332 220 222 320 216 283 232 226 285 283 225 279 335 225 282 321 220 278 149 231 246 237 216 239 229 219 304 242 223 302 233 220 
271 231 230 275 184 231 278 137 231 279 114 232 255 157 229 245 191 233 244 219 221 245 228 219 303 160 229 307 195 231 307 225 225 305 233 224 260 230 227 234 283 222 211 332 220 222 321 216 283 232 225 285 283 225 279 335 225 282 321 220 277 149 231 246 237 216 238 230 220 304 242 224 302 238 225 
271 231 230 274 184 231 277 137 231 279 114 231 254 157 229 244 191 233 244 219 221 244 228 219 302 160 229 307 195 231 307 226 225 304 233 224 259 230 227 234 283 222 211 332 220 222 321 216 282 233 225 284 283 224 279 335 225 282 321 220 276 149 231 246 237 216 237 231 220 304 242 224 301 231 221 
270 231 230 274 184 231 277 137 231 278 114 231 254 157 229 244 191 232 243 220 221 244 230 219 302 160 228 306 196 230 306 226 225 304 233 224 259 231 226 234 283 222 211 332 221 222 321 217 282 232 225 284 283 224 279 335 225 281 321 220 276 149 231 244 239 216 237 230 219 303 239 223 301 231 221 
270 232 229 273 184 231 276 137 230 277 114 231 253 157 229 244 191 232 243 220 221 243 230 219 301 160 228 305 196 230 306 226 225 303 233 224 258 231 226 234 283 222 211 332 221 222 321 217 282 233 225 284 283 224 279 335 226 281 321 220 275 149 231 243 239 216 236 231 219 303 243 223 300 235 221 
270 232 229 272 184 231 275 137 230 277 114 231 252 157 228 243 192 232 242 220 221 243 229 219 300 160 228 305 196 230 305 226 225 303 230 224 258 231 226 234 283 222 212 333 221 222 321 217 281 232 225 284 283 224 279 335 226 281 321 220 274 149 231 243 238 216 235 232 219 302 240 223 300 230 221 
269 232 229 272 184 230 274 137 230 276 114 231 252 156 228 243 191 232 240 222 220 240 230 219 300 160 228 304 196 230 302 226 225 301 232 224 257 231 226 233 283 222 212 333 221 222 321 217 281 233 225 283 283 224 279 335 226 281 321 220 274 149 230 240 240 216 235 230 218 300 242 223 297 232 220 
268 232 229 271 184 230 273 137 230 275 113 231 251 156 228 242 192 232 240 222 220 240 230 219 299 159 228 303 196 230 302 226 225 300 231 224 257 231 226 233 283 223 212 333 221 221 321 217 280 232 225 283 283 224 279 335 226 281 321 220 273 148 230 240 240 216 236 231 219 300 241 223 297 233 220 
268 232 229 270 183 230 272 137 230 275 113 231 250 156 228 241 192 232 240 222 220 240 230 219 298 159 228 302 196 230 301 226 225 299 231 224 256 231 226 233 283 223 212 334 221 221 321 217 279 232 225 282 283 224 279 335 226 280 321 220 272 148 230 239 240 216 236 233 218 300 240 223 297 233 220 
267 231 229 269 183 230 272 137 230 274 113 231 249 156 228 240 192 231 239 222 220 239 231 219 298 159 228 301 196 230 300 226 225 297 228 224 255 231 226 232 283 223 212 334 222 221 322 217 279 232 225 282 283 224 279 335 226 280 321 220 271 148 230 239 241 216 233 230 218 297 237 223 292 226 219 
266 231 229 268 183 230 271 136 229 273 113 230 248 156 227 239 192 231 237 221 220 237 230 219 297 159 228 300 196 230 298 228 223 298 230 224 254 230 226 232 283 223 212 334 222 221 322 217 278 232 225 282 283 224 279 335 226 280 321 220 270 148 230 237 240 216 232 230 218 298 236 223 296 228 221 
266 231 229 268 183 230 270 136 229 272 113 230 247 156 227 238 192 231 236 222 220 236 230 219 296 159 228 299 196 230 298 228 224 296 234 224 254 231 226 232 283 223 212 334 222 221 322 217 277 232 225 281 283 224 279 335 226 280 321 220 269 148 230 236 241 216 231 231 218 295 244 223 293 234 220 
265 231 229 267 183 230 269 136 229 271 113 230 246 156 227 237 192 230 235 222 220 235 231 219 295 159 228 298 196 230 298 228 224 295 234 224 253 230 225 231 284 223 212 334 222 221 322 217 277 232 225 280 283 224 279 335 226 280 321 220 268 148 229 236 241 216 230 231 217 295 244 223 293 238 222 
264 231 229 266 183 230 268 136 229 270 113 230 245 156 227 236 192 230 234 220 221 234 229 219 294 159 228 297 195 230 297 226 224 295 233 223 252 231 225 231 284 223 212 334 222 221 322 218 276 232 225 280 283 224 279 335 226 280 321 220 268 148 229 234 239 217 229 231 218 295 243 223 292 235 220 
263 231 229 265 183 230 267 136 229 269 113 230 244 156 227 235 192 230 233 221 220 233 230 219 293 159 228 296 196 230 297 226 224 294 231 223 251 231 225 230 284 223 212 334 223 221 322 218 275 232 225 279 283 224 279 335 226 280 321 220 267 148 229 234 240 216 227 230 218 294 241 224 292 232 220 
263 231 229 265 183 230 267 136 229 269 113 230 243 156 226 234 192 230 232 220 220 233 230 218 292 158 228 295 196 230 296 227 224 294 231 223 251 231 225 229 284 223 212 335 223 220 322 218 274 232 225 279 283 224 278 335 226 280 321 220 266 148 229 234 239 216 227 231 218 294 241 223 291 233 220 
262 231 229 263 183 229 265 136 229 268 112 230 242 156 226 233 192 229 232 220 220 232 230 218 291 158 228 294 197 230 296 227 225 292 234 224 250 231 225 229 284 223 212 335 223 220 323 218 273 232 225 278 282 225 278 335 226 280 320 220 265 148 229 233 239 216 226 231 217 292 239 223 290 230 220 
261 231 229 263 183 229 265 136 229 267 112 229 241 155 226 233 192 229 230 226 219 231 233 218 291 158 228 293 196 230 294 227 224 292 234 224 249 231 225 228 284 223 211 335 223 219 323 218 273 232 225 278 282 224 278 335 226 280 320 220 264 147 229 231 243 216 226 233 217 292 245 223 289 234 220 
260 231 229 262 183 229 263 136 229 266 112 229 240 155 226 232 192 229 229 224 219 229 231 218 289 158 227 293 197 230 294 227 225 291 231 223 248 231 225 228 284 223 211 335 223 219 323 218 272 232 225 277 282 225 278 335 225 279 320 220 263 147 229 231 242 216 224 233 217 291 241 223 288 232 220 
259 231 229 261 183 229 263 136 229 265 112 229 239 155 226 231 192 229 228 222 219 229 229 219 289 158 227 292 197 230 293 227 224 290 232 223 248 231 225 228 284 223 211 335 223 219 323 218 271 232 225 276 282 225 278 335 225 279 320 220 263 147 229 227 238 218 223 231 217 289 238 223 287 231 220 
259 231 229 260 183 229 262 136 228 264 112 229 238 155 225 230 192 229 228 222 219 228 229 218 288 158 227 291 196 230 292 228 224 289 234 223 247 231 225 228 284 223 211 335 223 219 323 217 270 232 225 276 282 225 278 335 225 279 320 220 261 147 229 227 238 217 222 230 217 289 240 223 286 233 220 
258 231 228 260 183 229 261 136 228 263 112 229 237 155 225 229 192 228 227 222 219 227 229 218 287 158 227 290 196 230 291 226 225 289 231 223 247 231 225 227 284 223 212 335 224 218 323 217 270 232 225 275 283 224 278 335 225 279 320 221 260 147 229 226 238 217 221 231 217 290 241 223 286 235 219 
257 231 228 259 183 229 260 135 228 262 112 229 236 155 225 228 192 228 225 227 218 226 234 218 286 158 227 289 196 230 291 227 224 288 231 223 246 231 225 227 285 223 212 335 224 218 323 217 269 232 225 275 283 224 277 335 225 279 320 221 260 147 229 225 245 216 221 235 217 290 241 223 286 233 220 
257 232 228 258 183 229 259 135 228 261 112 229 235 155 225 227 192 228 225 227 218 225 234 218 285 158 227 288 197 230 291 227 224 288 230 223 245 231 224 227 285 223 212 335 224 218 324 218 268 232 225 274 283 224 277 335 225 279 321 220 259 147 228 225 245 216 220 234 217 288 240 223 285 231 220 
256 231 228 257 183 229 258 135 228 260 112 229 235 155 225 226 192 228 224 223 219 224 231 218 284 158 227 287 197 230 290 227 224 287 230 224 245 231 224 226 285 223 212 336 224 217 324 218 268 232 225 274 283 224 277 335 225 279 321 220 258 147 228 223 240 217 219 230 217 288 239 223 285 232 220 
256 232 228 257 183 229 257 135 228 259 112 229 234 155 225 226 192 228 223 223 219 224 230 218 284 158 227 286 197 230 289 227 225 286 233 223 244 231 224 226 285 223 212 336 224 217 324 218 267 232 225 273 283 224 277 335 225 278 321 220 257 147 228 223 239 217 218 231 216 288 240 223 285 230 220 
255 232 228 256 183 229 256 135 228 258 112 229 233 155 225 225 192 227 223 223 219 223 230 218 283 158 227 286 197 230 286 230 223 285 234 223 244 231 224 226 285 223 212 336 224 217 324 218 267 232 225 273 283 224 277 335 225 278 321 220 256 147 228 222 239 217 217 232 217 287 244 222 282 237 219 
255 232 228 255 183 229 256 135 228 258 112 229 232 155 224 224 192 227 222 223 219 223 230 218 282 158 227 285 197 230 287 231 223 285 235 223 243 231 224 225 285 223 212 336 224 216 324 218 266 232 225 273 283 224 276 335 225 278 321 220 255 147 228 222 239 217 217 233 216 287 242 222 282 235 219 
254 232 228 255 183 229 255 135 228 257 112 228 231 156 224 223 192 227 222 223 219 222 230 218 281 158 227 284 197 230 286 227 224 284 232 223 243 231 224 225 285 223 212 335 225 216 324 218 266 232 225 272 283 224 275 336 225 278 321 220 255 147 228 222 239 217 216 230 216 286 241 223 282 232 219 
254 232 228 254 183 229 254 136 228 256 112 228 230 156 224 223 193 227 221 223 219 222 230 218 280 158 227 284 197 230 286 228 224 284 231 223 242 232 224 225 285 223 212 335 225 216 324 218 265 232 225 272 283 224 275 336 225 277 321 220 254 147 228 221 239 217 216 233 216 285 240 222 281 233 220 
253 232 228 253 183 229 253 136 228 255 112 228 230 156 224 222 192 227 221 223 219 221 230 218 280 158 227 283 198 230 285 228 224 283 232 223 241 232 224 225 285 223 212 335 225 216 324 217 265 232 225 272 283 224 275 336 225 277 321 220 253 147 228 220 239 217 215 233 217 283 238 222 280 232 219 
253 232 228 253 183 228 253 136 228 254 112 228 229 156 224 222 193 227 220 224 219 221 231 218 279 158 227 283 198 229 285 228 224 283 233 223 241 232 224 224 285 223 212 335 225 215 324 217 264 232 225 271 283 224 275 336 225 277 321 220 253 147 228 220 240 217 215 232 216 282 239 222 280 232 219 
252 232 228 252 183 228 252 136 228 254 112 228 228 156 224 221 193 227 219 223 219 220 231 218 278 158 227 282 198 229 285 228 224 281 230 223 240 232 224 224 285 223 212 335 225 215 324 217 264 232 225 271 284 224 275 336 225 277 321 220 252 148 228 220 240 217 214 232 217 281 239 223 277 232 218 
251 232 228 251 183 228 251 136 228 253 112 228 227 156 224 220 193 227 218 225 219 219 230 218 278 158 227 281 199 229 284 229 223 281 230 223 240 232 224 224 285 223 212 335 225 215 324 217 263 232 225 271 284 224 275 336 224 277 321 220 251 148 228 219 240 217 214 233 217 283 239 223 279 232 219 
251 232 228 251 183 228 251 136 228 252 112 228 227 156 224 220 193 227 218 226 218 218 231 218 277 158 227 281 199 229 284 229 223 281 230 223 239 232 224 223 285 223 212 336 225 214 324 217 263 232 225 271 284 224 275 336 224 276 322 219 251 148 228 214 243 216 213 231 216 282 236 222 278 230 220 
250 232 228 250 183 228 250 136 228 252 112 228 226 156 224 219 193 227 217 227 218 218 231 218 277 158 227 280 199 229 284 229 223 280 237 223 239 232 224 223 285 223 212 336 225 214 324 217 262 232 225 270 284 224 275 336 224 276 322 219 250 148 228 219 237 217 213 234 217 281 242 223 278 233 219 
250 232 228 250 183 228 249 136 228 251 112 228 225 156 224 219 193 227 217 225 218 217 230 218 276 158 227 280 199 229 284 229 223 280 237 224 238 232 224 223 285 223 212 336 225 214 324 217 262 232 225 270 284 224 275 336 224 276 322 219 250 148 228 216 239 217 212 233 216 281 242 223 278 235 220 
250 232 228 249 184 228 249 136 228 250 112 228 225 156 224 218 193 227 216 225 218 216 230 218 276 158 226 280 199 229 283 229 223 280 237 223 238 232 224 222 285 223 212 336 225 214 324 218 261 233 225 270 284 224 275 336 225 276 322 219 249 148 228 216 240 217 212 232 216 280 242 223 278 234 219 
249 232 228 249 184 228 248 136 228 250 113 228 224 157 224 218 193 226 216 224 218 217 232 218 275 158 226 279 199 229 283 229 223 280 237 223 237 232 224 222 285 223 212 336 225 214 324 218 261 233 225 269 284 224 275 336 225 276 322 219 248 148 228 217 241 217 211 232 217 280 242 223 278 234 220 
249 233 228 248 184 228 248 136 228 249 113 228 224 157 224 217 194 226 215 227 218 215 232 218 274 158 226 278 199 229 283 229 223 279 235 223 237 232 224 222 285 223 212 336 225 214 324 218 260 233 225 269 284 224 275 336 225 276 322 219 248 148 228 216 237 217 211 234 216 278 242 222 278 233 221 
248 233 228 248 184 229 247 136 228 249 113 228 223 157 224 217 194 226 214 227 218 215 232 218 274 158 227 277 199 229 281 229 223 278 236 223 236 232 224 222 285 223 212 336 225 214 324 218 260 233 225 269 284 224 275 336 225 275 322 219 247 148 228 215 238 217 210 234 216 277 242 222 277 233 219 
248 233 228 247 184 229 247 136 228 248 113 228 223 157 224 216 194 226 214 226 219 214 232 218 273 158 227 277 199 229 281 229 223 278 236 223 236 232 224 222 285 223 213 336 225 213 324 218 259 233 225 268 284 224 276 336 225 275 322 219 247 148 228 214 242 218 209 235 218 278 242 223 276 234 220 
247 233 228 247 184 229 246 136 228 248 113 228 222 157 224 216 195 226 213 224 219 214 233 218 273 158 227 277 199 229 280 229 223 277 237 223 236 233 224 221 285 223 213 337 225 213 325 218 259 233 225 268 284 224 276 336 225 275 322 219 246 148 228 213 243 218 209 232 216 279 246 223 275 239 220 
247 233 228 246 184 229 246 136 228 247 113 228 222 157 224 215 195 226 213 226 218 213 232 218 273 158 227 276 199 229 279 229 223 277 236 223 235 233 224 221 285 223 213 337 225 213 325 218 258 233 225 267 285 224 276 336 225 275 323 219 246 148 228 212 241 218 209 232 216 276 242 222 274 234 219 
246 233 228 246 184 229 245 137 228 247 113 228 221 157 225 215 195 226 213 227 218 214 232 218 272 158 227 276 199 230 281 229 225 277 236 224 235 233 224 221 285 224 213 337 225 213 325 218 258 233 225 267 285 224 276 336 225 275 323 219 245 148 229 213 242 218 209 234 217 277 242 223 277 232 221 
246 233 228 245 184 229 245 137 228 246 113 229 220 157 225 215 195 226 213 227 218 213 232 219 271 159 227 275 199 230 281 229 225 277 236 224 234 233 224 221 285 224 213 337 225 213 325 218 258 233 225 267 285 224 275 337 225 275 323 219 245 148 229 213 242 218 208 233 217 277 242 223 277 232 221 
246 233 228 245 184 229 244 137 228 246 113 229 220 157 225 214 196 226 212 227 219 213 232 218 271 159 227 275 199 230 280 229 224 277 236 224 234 233 224 220 285 224 213 337 225 213 325 218 257 233 225 266 285 224 275 337 225 275 323 219 245 148 229 209 241 217 209 229 216 276 242 223 274 233 220 
245 233 229 245 184 229 244 137 228 245 113 229 220 158 225 214 196 226 212 227 219 212 232 219 271 159 227 275 199 230 277 229 224 275 236 223 234 233 224 220 285 224 213 337 226 213 325 218 257 233 225 266 285 224 275 336 225 275 323 219 244 148 229 212 238 218 208 234 217 273 242 222 272 234 219 
245 233 229 244 184 229 243 137 228 245 113 229 219 158 225 213 196 226 211 226 219 212 232 219 270 159 227 274 199 230 277 229 224 274 236 223 233 233 225 220 286 224 213 337 226 213 325 218 257 233 225 266 285 224 274 337 226 274 324 219 244 149 229 212 238 218 208 236 218 274 243 222 271 235 219 
245 233 229 244 184 229 243 137 228 244 113 229 219 158 225 213 196 227 211 226 219 212 232 219 270 158 227 274 199 230 277 229 224 274 235 223 233 233 225 220 286 224 213 337 226 213 325 218 256 233 226 265 285 224 273 337 226 274 324 219 243 149 229 211 238 219 208 234 217 272 241 222 271 233 219 
244 233 229 244 184 229 243 137 228 244 113 229 218 158 225 213 196 227 211 226 219 212 232 219 269 159 227 274 199 230 277 229 225 274 237 224 233 233 225 219 286 224 213 337 226 213 325 219 256 233 226 265 285 224 272 337 226 274 324 219 243 149 229 211 238 219 207 233 218 274 242 223 271 235 220 
244 233 229 243 184 229 242 137 229 244 113 229 218 158 225 213 196 227 210 226 220 212 231 219 269 158 227 274 199 230 279 229 226 275 236 225 232 233 225 219 286 224 213 338 226 213 325 219 256 233 226 265 285 225 272 337 226 274 324 219 243 149 229 210 237 218 207 232 217 274 242 224 274 233 222 
244 233 229 243 185 230 242 137 229 243 113 229 218 158 225 212 196 227 210 226 220 211 231 220 268 158 227 273 199 230 280 229 226 275 236 225 232 233 225 219 286 224 213 338 226 213 325 219 255 233 226 265 286 225 272 338 226 273 324 219 242 149 229 211 241 219 207 231 218 275 241 224 274 233 222 
244 233 229 243 185 230 242 137 229 243 113 229 218 158 226 212 196 227 210 226 220 212 234 220 268 158 227 273 198 230 280 228 226 275 236 225 232 233 226 219 286 225 212 338 226 213 325 219 255 233 226 264 286 225 271 338 226 273 325 219 242 149 229 209 246 218 207 236 218 275 241 225 274 232 222 
243 233 230 242 185 230 241 137 229 243 113 229 217 158 226 212 196 227 210 226 220 211 234 220 268 158 227 272 199 231 279 228 226 275 235 226 232 233 226 219 286 225 212 337 226 213 325 219 255 233 226 264 286 225 271 338 226 273 325 219 242 149 229 211 244 219 207 234 219 274 241 225 273 234 223 
243 233 230 242 185 230 241 137 229 242 113 229 217 158 226 211 196 227 210 227 221 211 235 220 267 158 227 272 199 231 268 229 223 266 238 222 232 233 226 219 286 225 212 338 226 213 325 219 255 233 227 264 286 225 271 338 225 273 325 219 242 149 229 211 246 219 206 234 220 265 248 220 262 236 218 
243 234 230 242 185 230 241 137 229 242 113 229 217 158 226 211 196 227 210 227 220 211 235 220 267 159 228 272 199 231 276 229 227 273 237 225 231 234 226 219 286 225 212 338 226 212 325 219 255 233 227 264 286 225 270 338 226 273 325 219 241 149 229 212 240 220 207 238 219 273 247 225 271 237 221 
243 234 230 242 185 230 241 137 229 242 113 229 217 158 226 211 196 227 210 227 220 211 235 220 267 159 228 272 199 231 276 229 227 273 237 225 231 234 226 219 286 225 212 337 226 212 325 219 255 233 227 264 286 225 270 338 225 273 325 219 241 149 229 210 243 219 207 236 219 273 247 225 271 237 221 
243 234 230 242 185 230 241 137 229 242 113 229 216 158 226 211 196 228 210 228 220 212 232 220 267 159 228 272 199 231 276 229 227 274 237 226 231 234 226 219 286 225 212 337 226 212 325 219 254 233 227 264 286 225 270 338 226 273 325 219 241 149 229 212 238 219 207 237 219 273 247 225 271 236 222 
243 234 230 242 185 230 240 137 229 241 113 229 216 158 226 211 196 228 210 228 220 212 232 220 267 159 228 272 199 231 277 228 227 273 237 226 231 234 226 219 285 225 212 337 226 212 325 219 254 233 227 264 286 226 270 338 226 273 325 219 241 149 230 212 239 220 207 234 219 274 245 225 271 238 223 
243 234 230 242 185 230 240 137 229 241 113 229 216 158 226 210 195 228 210 228 220 212 232 220 267 159 228 272 198 231 276 228 227 274 236 226 231 234 226 218 285 225 212 337 226 212 325 219 254 233 227 264 286 226 270 338 226 273 325 220 241 149 230 212 239 220 207 236 219 274 245 226 271 238 222 
243 234 230 241 185 230 240 137 229 241 113 229 216 158 226 210 195 228 210 228 220 212 233 220 266 159 228 271 198 231 275 228 227 273 236 226 231 234 226 218 285 225 212 337 226 212 325 219 254 234 227 264 286 226 270 338 226 273 325 220 240 149 230 212 239 220 206 238 220 272 246 224 270 235 222 
243 234 230 241 185 230 240 137 229 241 113 229 216 158 226 210 195 228 212 229 220 213 232 220 266 159 228 271 198 232 276 228 227 273 236 226 231 234 226 218 285 226 212 337 226 212 325 219 254 233 227 264 286 226 270 339 226 273 325 220 240 149 230 212 238 219 207 236 219 272 246 224 270 236 222 
243 234 231 241 185 230 240 137 229 241 113 229 216 158 226 210 195 227 212 229 220 211 231 220 266 159 228 271 198 232 275 228 227 273 236 226 231 234 227 218 285 226 212 337 226 212 325 219 254 233 227 264 286 226 270 339 226 273 325 220 240 149 229 212 237 219 207 234 219 272 246 224 270 239 222 
243 234 231 241 185 230 240 137 229 240 113 229 216 158 226 209 195 227 209 225 221 211 232 221 266 159 228 271 198 232 275 228 227 273 235 226 231 234 227 218 285 226 212 337 226 212 325 219 254 233 228 264 286 226 270 339 226 273 326 219 240 149 229 212 241 220 207 236 219 272 247 224 270 235 222 
243 234 231 241 185 230 239 137 229 240 113 229 216 158 226 209 194 227 209 225 221 211 232 220 266 159 228 271 198 232 275 228 227 272 236 225 231 234 227 218 285 226 212 337 226 212 325 219 254 233 228 264 286 226 270 339 226 273 326 219 240 149 229 211 241 220 206 235 219 272 247 224 270 238 222 
242 234 231 241 185 230 239 137 228 240 113 229 215 158 226 208 194 227 208 224 221 211 231 220 266 159 228 271 198 232 276 228 226 273 235 226 231 234 227 218 285 226 212 337 226 212 325 219 254 233 228 264 286 226 270 339 226 273 326 219 239 149 229 212 240 220 206 233 219 274 245 225 270 236 222 
242 233 231 241 185 230 239 137 228 239 113 228 215 158 226 208 193 227 208 224 221 211 230 221 265 159 228 271 198 231 276 228 227 272 235 226 231 234 227 218 285 226 212 337 226 212 325 219 254 233 228 264 286 226 270 339 226 273 325 219 239 149 229 212 240 220 205 232 220 272 240 225 270 233 222 
242 234 231 241 185 230 238 137 228 239 113 228 214 158 226 207 193 227 208 223 221 210 230 221 265 159 227 271 198 231 276 228 226 273 235 225 231 234 227 218 285 226 212 337 226 212 325 219 254 233 228 264 286 226 270 339 226 273 325 219 239 149 229 211 239 220 204 233 219 272 240 225 270 235 222 
242 234 231 240 185 230 238 137 228 239 113 228 214 158 225 205 191 227 208 223 221 210 230 221 265 159 227 271 198 231 275 228 225 272 235 225 231 234 227 218 285 226 212 337 226 212 325 219 254 233 228 264 286 226 270 339 226 273 325 220 239 149 229 211 239 220 204 233 220 272 241 225 269 241 221 
242 234 231 240 185 230 237 137 227 238 113 228 214 158 225 205 191 226 207 222 221 209 230 221 264 158 227 271 198 231 274 228 225 272 236 225 230 234 227 218 285 226 212 337 226 212 325 219 254 233 228 264 286 226 270 339 225 273 325 220 238 149 228 210 239 220 204 234 220 270 246 223 268 236 220 
242 234 231 240 185 230 237 137 227 238 113 227 213 158 225 204 191 226 207 222 221 209 231 221 264 159 227 271 198 230 273 228 225 271 236 224 230 234 227 218 285 226 212 337 226 212 325 219 254 233 228 264 286 226 270 339 225 273 325 220 238 149 228 210 241 220 203 233 220 270 246 223 267 236 220 
242 234 231 240 185 230 237 137 227 238 113 227 213 157 225 204 190 226 207 223 221 209 231 221 264 159 226 271 198 230 274 228 225 272 236 224 230 234 227 218 285 226 212 337 226 212 324 220 253 233 228 263 286 226 270 339 225 273 325 220 238 149 228 210 240 220 202 233 220 271 241 224 268 234 221 
242 234 231 239 185 230 237 137 227 237 113 227 212 157 225 204 190 226 206 223 221 208 231 221 263 159 226 271 198 229 272 228 224 270 236 223 230 234 227 218 285 226 212 337 226 212 324 220 253 233 228 263 286 226 270 339 225 273 325 220 237 149 228 210 240 220 203 233 219 268 246 222 266 237 219 
241 234 231 239 185 229 236 137 227 237 113 226 212 157 225 203 190 226 206 223 221 208 231 221 263 159 225 272 197 228 272 228 223 270 237 223 230 234 227 218 285 226 212 337 226 212 324 220 253 233 228 263 286 226 270 339 225 272 325 220 237 149 228 210 240 220 202 233 220 268 248 222 265 239 219 
241 234 231 239 185 229 236 137 226 237 113 226 212 157 225 203 190 226 206 224 221 208 231 220 262 159 225 272 197 227 271 232 223 270 239 223 229 234 227 218 285 226 212 337 226 212 324 220 253 233 228 263 286 226 270 339 225 272 325 220 237 149 227 209 240 220 201 230 218 268 250 222 265 238 219 
241 234 231 238 185 229 236 137 226 237 113 226 211 157 225 203 190 225 206 224 221 207 232 220 262 159 225 272 196 227 274 226 222 272 230 223 229 234 227 218 285 226 212 337 226 212 324 220 252 234 228 263 286 226 270 339 225 272 325 220 237 149 227 208 241 221 201 231 219 273 239 222 267 232 219 
241 234 231 238 185 229 236 137 226 236 113 226 211 157 225 202 191 225 205 224 220 207 232 220 262 159 224 272 195 226 272 233 222 270 242 223 229 234 227 218 285 226 212 337 226 212 324 220 252 234 227 263 286 226 270 339 225 272 325 220 236 149 227 208 241 220 201 236 219 270 247 223 266 239 220 
240 234 231 238 185 229 236 137 226 236 113 226 211 157 225 202 190 225 205 224 220 207 232 220 262 159 224 272 195 225 272 233 222 270 242 223 229 234 227 218 285 226 212 337 226 212 324 220 252 234 227 263 286 226 270 339 225 271 325 220 236 149 227 208 241 220 200 231 217 270 247 223 266 241 220 
240 234 231 238 185 229 235 137 226 236 113 226 211 157 225 201 189 224 204 224 220 206 232 220 262 158 224 272 195 225 273 233 222 271 241 222 228 234 227 217 285 226 212 337 226 211 324 220 252 234 227 263 286 226 270 339 225 271 325 220 236 149 227 207 241 220 200 233 217 269 247 222 266 241 220 
240 234 231 238 185 229 235 137 226 236 113 225 211 157 225 201 189 224 204 225 219 205 232 219 261 158 223 273 195 224 274 226 219 272 232 220 228 234 227 217 285 226 212 337 226 211 324 220 252 234 227 263 286 226 270 339 225 271 325 220 236 149 227 206 241 220 198 230 216 273 242 220 265 232 218 
240 234 231 238 185 229 235 137 226 236 113 225 211 157 225 200 189 223 204 225 219 205 232 219 261 158 223 273 195 223 274 226 219 272 232 219 228 234 227 217 285 226 212 337 226 211 324 220 251 234 227 263 286 226 270 339 225 270 324 220 236 149 227 206 241 219 198 236 217 273 242 219 265 233 217 
240 234 230 237 185 229 235 137 226 235 113 225 211 157 225 200 189 223 203 225 219 204 232 218 261 158 223 273 194 222 274 225 218 272 232 218 228 234 227 217 285 226 212 337 226 211 324 220 251 234 227 262 286 226 270 339 225 270 324 220 236 149 227 204 242 219 197 230 216 273 242 218 266 231 220 
239 234 230 237 186 229 235 137 226 235 113 225 210 158 225 200 190 223 202 224 218 203 232 218 260 158 223 273 193 221 274 224 217 272 233 217 228 234 227 217 285 226 212 337 226 211 324 220 251 234 227 262 286 226 270 339 225 270 324 220 235 149 227 203 242 218 196 232 215 273 243 217 266 231 220 
239 234 230 237 186 229 235 137 225 235 113 225 210 158 225 199 190 222 202 224 217 203 232 217 260 158 222 273 192 221 274 224 216 272 232 215 228 234 227 217 285 226 212 337 226 211 324 220 251 234 227 262 286 226 270 339 225 270 324 220 235 149 226 202 242 218 195 232 214 272 242 216 267 230 219 
239 234 230 237 186 229 235 137 225 235 113 225 210 158 225 199 189 222 201 224 216 202 232 216 260 158 222 273 192 220 274 223 215 273 233 214 228 234 227 217 285 226 212 337 226 211 324 220 251 234 227 262 286 226 270 339 225 270 324 220 235 149 226 201 242 217 195 231 213 273 243 215 266 232 218 
239 234 230 237 186 229 235 137 225 235 113 225 210 157 225 199 189 222 200 223 215 201 233 215 260 158 222 273 191 219 274 223 214 273 233 213 227 234 227 217 285 226 212 337 226 211 324 220 251 234 227 262 286 226 270 339 225 270 324 220 235 149 226 201 242 216 194 233 213 273 242 214 266 235 216 
239 234 230 237 186 229 235 137 225 235 113 225 210 157 225 198 189 221 199 222 214 200 233 214 259 158 221 273 190 218 274 222 213 273 233 211 227 234 227 217 285 226 212 337 226 211 324 220 251 234 227 262 286 226 270 339 225 270 324 220 235 149 226 201 242 216 193 232 211 273 242 213 265 232 213 
239 234 230 237 186 228 235 137 225 235 113 225 210 157 225 198 189 220 199 221 214 199 232 213 259 157 221 273 190 218 274 222 212 274 233 210 227 234 227 217 285 226 212 337 226 211 324 220 250 234 227 262 286 226 270 339 225 270 324 220 235 149 226 201 241 214 192 232 210 273 242 211 265 232 209 
239 234 230 237 186 228 235 137 225 235 113 225 210 157 225 198 188 220 198 221 213 199 231 212 259 157 221 273 189 217 274 222 211 273 232 209 227 234 227 217 285 226 212 337 226 211 324 220 250 234 227 262 286 226 270 338 225 270 324 220 235 149 226 199 240 212 192 230 209 273 242 210 265 233 209 
239 234 230 237 186 228 235 137 225 235 113 225 210 157 225 197 188 219 198 220 212 198 230 211 259 157 221 273 188 216 274 221 210 274 231 207 227 234 227 217 285 226 212 338 226 211 324 220 250 234 226 262 286 226 271 338 225 270 324 220 235 149 226 198 239 211 191 231 208 274 241 208 265 230 206 
239 234 230 237 186 228 235 137 225 235 113 225 210 157 225 197 188 219 197 220 211 197 230 210 259 157 221 273 187 216 275 219 207 274 229 206 227 234 227 217 285 226 212 338 226 211 324 220 250 234 226 262 286 226 271 338 225 270 324 220 235 149 226 197 239 211 190 229 207 273 239 206 265 231 207 
239 234 230 237 186 228 235 137 225 235 113 225 210 157 225 197 188 218 196 219 210 197 229 209 258 156 220 273 186 215 275 218 206 274 229 204 227 234 227 217 285 226 212 338 226 211 324 220 250 234 226 262 286 226 271 338 225 270 324 220 235 149 226 196 238 209 190 229 206 275 238 204 266 229 204 
239 234 230 237 186 228 235 137 225 234 113 225 210 157 225 197 186 218 195 217 209 196 228 207 258 156 220 273 185 214 275 217 205 274 227 203 227 234 227 217 285 226 212 338 226 211 324 220 250 234 226 262 286 226 271 338 225 270 324 220 235 149 226 197 237 207 189 230 205 274 237 203 266 228 203 
239 234 230 237 185 228 235 137 225 234 113 225 210 157 225 197 186 217 194 215 208 195 226 206 258 156 220 274 184 213 275 216 204 274 227 201 227 234 227 217 285 226 212 338 226 211 324 220 250 234 226 262 286 226 271 338 225 270 324 220 235 149 226 195 235 206 188 227 204 274 236 201 266 228 201 
239 234 230 237 185 228 235 137 225 234 113 225 210 157 225 197 185 217 194 214 206 194 225 205 258 156 220 274 183 212 276 215 202 274 226 200 227 234 227 217 285 226 212 338 226 211 324 220 250 234 226 262 286 226 271 338 225 270 324 220 235 149 226 195 234 204 188 226 202 274 236 199 266 225 199 
238 234 230 237 185 228 235 137 225 234 113 225 210 157 225 196 184 216 193 214 205 193 224 203 258 156 220 274 182 212 276 214 201 274 225 198 227 234 227 217 285 226 212 338 226 211 324 220 250 234 226 262 286 226 271 338 225 270 324 220 235 149 226 193 233 203 188 228 201 274 235 198 266 225 198 
238 234 230 237 185 228 234 137 225 234 113 225 210 157 225 196 183 216 193 213 204 193 224 202 258 156 220 274 181 211 276 213 200 274 224 197 227 234 227 217 285 226 212 338 226 211 324 220 250 234 226 262 286 226 271 338 225 270 324 220 235 149 226 192 233 202 187 227 200 274 234 197 266 226 197 
238 234 230 237 185 228 234 137 225 234 113 225 210 157 225 196 183 215 193 212 203 192 222 201 257 156 220 274 180 211 276 213 199 275 224 196 227 234 227 217 285 226 212 338 226 211 324 220 250 234 226 262 286 226 271 338 225 270 324 220 235 149 226 191 232 200 186 222 199 274 234 195 266 222 195 
238 234 230 237 185 228 234 137 225 234 113 225 210 157 224 196 183 215 192 210 202 191 221 200 257 156 220 274 179 210 277 212 197 275 223 194 227 234 227 217 285 226 212 338 226 210 324 220 250 234 226 262 286 226 271 338 225 270 324 220 235 149 226 191 231 199 185 221 197 274 233 194 266 223 195 
238 234 230 236 185 228 234 137 225 234 113 225 210 157 224 195 181 213 191 210 201 191 220 198 257 156 220 274 179 210 277 211 196 275 222 193 227 234 227 217 285 226 212 338 226 210 324 220 250 234 226 262 285 226 271 338 225 270 324 220 235 149 226 189 230 198 184 219 196 274 232 192 267 219 192 
238 234 230 236 185 228 234 137 225 234 112 225 210 157 224 195 181 213 191 209 200 190 220 197 257 155 220 274 178 209 277 209 195 275 220 192 227 234 227 217 285 226 212 338 226 210 324 220 250 234 226 262 285 226 271 337 226 270 324 220 235 149 226 191 230 197 184 219 195 274 230 191 267 217 191 
239 234 230 236 185 228 234 137 225 234 112 225 210 157 224 195 181 213 191 208 199 190 219 196 257 155 219 274 177 208 277 209 193 275 219 190 227 234 226 217 285 226 212 338 226 210 324 220 250 233 225 262 285 226 271 337 225 270 323 219 235 149 226 191 229 195 184 219 194 274 230 189 266 217 191 
239 234 230 236 185 228 234 137 225 234 112 225 210 157 224 194 180 211 190 207 198 189 216 195 257 155 219 274 176 208 277 207 192 275 216 189 227 234 226 217 285 226 212 338 226 210 324 220 250 233 225 262 285 226 270 337 226 269 323 219 235 149 226 189 226 194 183 217 193 274 227 188 266 214 188 
239 234 229 236 185 228 234 137 225 234 112 225 210 157 224 194 179 210 190 206 197 188 215 194 257 155 219 274 175 207 277 206 191 275 214 188 227 234 226 217 285 226 212 338 226 210 324 220 250 233 225 262 285 226 271 337 226 269 323 219 235 149 226 188 225 192 182 211 192 273 225 185 266 213 186 
239 234 229 236 185 228 234 137 226 234 112 226 210 157 224 194 178 211 189 205 195 188 213 193 257 155 219 274 174 207 277 201 191 276 211 187 227 234 226 217 285 226 213 338 226 210 324 220 250 233 225 262 285 226 271 337 226 269 323 220 235 149 226 187 223 191 181 215 190 275 221 184 267 210 186 
238 234 229 236 185 228 234 137 226 234 112 226 210 157 224 193 176 209 188 205 194 187 212 191 257 155 219 274 173 206 277 200 190 276 209 185 227 234 226 217 285 226 213 338 226 210 324 220 250 233 225 262 285 226 271 337 226 269 323 219 235 149 226 188 222 190 181 212 189 276 220 183 267 209 184 
239 234 229 236 185 228 234 137 226 234 112 226 210 157 224 193 178 208 188 210 189 186 221 190 257 155 219 274 172 206 277 198 189 276 208 184 227 234 226 217 285 226 213 338 226 210 324 220 250 233 225 261 284 226 271 336 226 269 323 219 235 149 226 185 223 188 182 220 187 274 218 182 267 205 183 
238 234 229 236 185 228 234 137 226 234 112 226 210 157 224 193 176 208 188 197 192 186 206 190 257 155 219 274 171 205 277 196 188 276 205 183 227 234 226 217 285 226 212 338 226 210 324 220 250 233 225 261 284 226 271 336 226 269 323 219 235 149 226 186 216 187 179 207 187 273 216 180 267 204 182 
238 233 229 236 185 228 234 136 226 234 112 226 210 157 224 193 173 208 188 195 193 186 205 189 257 155 219 274 170 205 277 195 187 276 204 182 227 234 226 217 285 226 212 338 226 210 324 220 250 233 225 261 284 226 271 336 226 269 323 219 235 149 226 185 215 186 179 205 187 275 215 179 267 202 181 
238 233 229 236 185 228 234 136 226 234 112 226 210 157 224 193 173 208 187 194 191 185 204 188 257 155 219 275 166 203 277 193 186 276 201 181 227 234 226 217 285 226 212 337 226 210 324 220 250 233 225 261 284 226 271 336 226 269 323 219 235 148 227 185 214 185 178 204 185 274 212 178 267 198 180 
238 233 229 236 185 228 234 136 226 234 112 226 210 156 224 193 172 208 187 194 191 184 201 187 256 155 219 274 167 204 277 191 185 276 199 180 227 234 226 217 285 226 212 337 226 210 324 220 250 233 225 261 284 225 271 336 226 269 323 219 235 148 227 183 212 184 178 202 185 275 210 177 267 196 179 
238 233 229 236 185 228 234 136 226 234 112 226 210 156 224 193 171 207 186 192 190 184 200 186 256 155 219 274 164 203 277 190 183 276 197 179 227 234 226 217 285 226 212 337 226 210 324 220 250 233 225 261 284 225 271 336 226 269 323 219 235 148 227 183 210 183 177 200 183 275 207 176 267 195 178 
238 233 229 236 185 228 234 136 226 234 112 226 212 157 224 193 170 207 186 188 189 183 196 185 256 155 219 275 163 202 276 181 182 275 191 177 227 234 226 217 285 226 212 337 226 210 324 220 250 233 225 261 285 225 271 336 226 269 323 219 235 148 227 178 206 181 176 194 183 274 200 174 267 188 177 
238 233 229 236 185 228 235 136 226 234 112 226 212 157 224 193 166 207 186 183 189 183 193 184 257 155 219 274 162 201 276 181 182 276 189 176 227 234 226 217 285 225 212 337 226 210 324 220 250 233 225 261 285 225 271 336 226 269 323 219 235 148 227 182 203 181 176 192 182 275 199 173 267 187 176 
238 233 229 236 185 228 235 136 226 234 112 226 212 157 224 193 167 208 186 182 189 183 191 183 256 155 219 277 160 196 276 181 180 275 187 176 227 234 226 217 285 225 212 337 226 210 324 220 250 233 225 261 285 225 271 337 226 269 323 219 235 148 227 181 201 180 176 190 181 274 197 171 266 184 175 
238 233 229 237 185 228 235 136 226 234 112 227 213 157 224 192 166 208 186 178 188 182 186 182 257 155 219 275 157 200 276 174 180 275 181 175 227 234 226 217 285 225 212 337 226 210 324 220 250 233 224 261 285 225 271 337 226 269 323 219 235 148 227 181 196 178 175 187 179 274 191 170 265 179 174 
238 233 229 237 185 228 235 136 226 234 112 227 213 157 224 192 166 208 186 176 188 182 184 181 257 155 219 276 153 202 276 170 180 275 179 174 227 234 226 217 285 225 212 337 226 210 324 220 250 233 224 261 285 225 271 336 226 269 323 219 235 148 227 181 194 177 175 186 178 275 188 170 265 177 174 
238 233 229 237 184 228 235 136 226 235 112 227 213 157 225 192 165 208 185 176 186 182 181 180 257 155 219 275 154 197 275 169 179 274 176 173 227 234 226 217 285 225 212 337 226 210 323 220 250 233 224 261 285 225 271 336 226 269 323 219 235 148 227 180 191 176 175 182 178 274 186 169 265 175 173 
238 233 228 237 184 228 235 136 226 235 112 227 213 157 225 192 165 208 185 173 186 182 179 180 257 155 219 275 153 196 275 168 178 274 174 172 227 234 226 217 285 225 212 337 226 210 323 220 250 233 224 261 285 225 271 336 226 269 323 219 235 148 227 181 189 176 175 180 177 274 184 168 264 173 173 
238 233 228 237 184 228 235 136 226 235 112 227 213 157 225 192 162 207 185 169 185 182 175 178 257 155 219 274 152 196 273 165 176 274 169 172 227 234 226 217 285 225 212 337 226 210 323 220 250 233 224 261 284 225 271 336 226 269 323 219 236 148 227 179 184 174 175 174 176 273 178 167 264 168 172 
238 233 228 237 184 228 235 136 227 235 112 227 213 157 225 194 160 207 186 165 185 182 173 177 257 155 219 274 151 196 273 162 176 274 167 171 227 234 225 217 285 225 212 337 226 211 323 220 250 233 224 261 284 225 271 336 226 269 323 219 236 148 227 179 182 172 174 173 175 272 175 166 263 166 172 
238 233 228 237 184 228 235 136 227 235 112 227 214 157 225 194 159 206 186 164 184 182 170 177 257 155 220 274 150 195 273 160 176 274 164 171 227 234 225 217 285 225 212 337 226 211 323 220 250 233 224 261 284 225 271 336 226 269 323 219 236 148 227 179 178 173 175 171 174 274 173 166 264 164 171 
238 233 228 237 184 228 236 136 227 235 112 227 214 157 225 194 157 206 187 157 186 183 168 177 257 155 220 274 147 195 275 156 175 274 162 170 227 234 225 217 285 225 212 337 226 210 323 220 250 233 224 261 284 225 271 336 226 269 323 219 236 148 227 179 176 172 176 168 174 273 171 165 264 161 172 
238 233 228 237 184 228 236 136 227 236 112 227 214 157 225 194 157 206 187 156 185 183 164 175 257 155 220 273 145 195 273 153 175 274 157 170 227 234 225 217 284 225 212 336 226 211 323 220 250 233 224 261 284 225 272 336 226 269 323 219 236 148 227 180 172 171 175 164 173 277 164 165 263 157 171 
238 233 228 237 184 228 236 136 227 236 112 228 214 157 225 195 156 206 187 155 182 183 162 175 257 155 220 273 154 198 273 152 174 273 154 170 227 233 225 217 284 225 212 336 226 211 323 220 250 233 224 261 284 225 272 335 226 269 323 219 236 148 227 178 169 169 176 160 173 276 161 165 263 154 171 
238 233 228 237 184 228 236 136 227 236 112 228 214 157 225 195 155 206 187 154 181 183 160 175 257 155 220 273 154 198 272 150 173 273 151 170 227 233 225 217 284 225 212 336 226 211 323 220 250 233 224 261 284 225 272 335 226 269 323 219 236 148 227 179 167 169 177 158 173 277 159 164 262 153 171 
238 233 228 237 184 228 236 136 227 236 112 228 214 157 225 195 154 206 186 155 179 182 158 173 257 156 220 274 155 199 271 149 172 272 147 170 227 233 225 217 284 225 212 336 226 211 323 219 250 233 224 261 284 225 272 335 226 269 323 219 236 148 227 179 162 169 175 157 171 273 153 166 261 148 170 
238 233 228 237 184 228 236 136 227 236 112 228 214 157 225 195 151 206 186 153 179 184 154 174 258 156 220 274 156 199 272 148 172 272 145 170 227 233 225 218 284 225 212 336 226 211 323 219 250 233 224 261 284 225 272 335 226 269 323 219 236 148 227 182 161 169 176 153 171 272 150 165 262 146 171 
238 233 228 237 184 228 236 136 227 236 112 228 214 157 224 196 149 206 187 152 180 185 152 174 258 156 220 274 156 199 272 147 172 272 143 169 227 233 225 218 284 225 212 336 226 211 323 219 250 233 224 261 284 225 272 335 226 269 323 219 237 148 228 180 159 168 177 151 172 271 147 166 262 143 171 
238 233 228 237 184 228 237 136 227 237 112 228 214 157 224 196 149 206 187 150 179 185 149 173 258 156 220 275 154 198 262 140 173 271 140 170 227 233 225 218 284 224 211 335 226 211 323 219 250 233 224 261 284 225 272 335 226 269 323 219 237 148 228 181 155 167 178 148 170 271 143 165 260 141 169 
238 233 228 237 184 228 237 136 227 237 112 228 215 157 224 195 148 206 193 146 180 186 147 173 258 156 220 277 151 203 273 142 176 271 138 169 227 233 225 218 283 224 211 335 226 211 323 219 250 233 224 261 284 225 272 335 226 269 323 219 237 148 228 182 153 167 179 145 171 270 141 165 262 138 170 
238 233 228 237 184 228 237 136 227 237 112 228 215 157 224 195 148 206 193 145 180 186 145 173 258 156 220 275 149 199 272 141 175 271 137 170 227 233 225 218 283 224 211 335 226 211 323 219 250 233 224 261 284 225 272 335 226 269 323 219 237 148 228 182 150 168 180 143 170 270 140 165 261 136 169 
238 233 228 238 184 228 237 136 228 237 113 228 215 157 224 195 147 206 195 143 180 188 141 173 258 156 220 275 148 200 272 140 175 271 134 170 227 233 225 218 283 224 211 335 226 211 323 219 250 233 224 261 284 225 272 335 226 269 323 219 237 148 228 183 147 167 181 139 171 270 136 166 261 134 169 
239 233 228 238 184 228 237 136 228 237 113 229 215 157 224 197 149 204 192 142 178 188 139 173 258 156 220 275 148 200 272 138 175 271 132 170 227 233 225 218 283 224 211 335 226 211 323 219 250 233 224 261 284 225 272 335 226 269 323 219 237 148 228 183 144 167 181 137 171 269 134 166 261 133 170 
239 233 228 238 184 228 237 136 227 238 113 229 215 157 224 198 148 205 192 142 179 188 138 172 259 156 220 274 146 202 272 137 176 271 130 170 227 233 225 218 283 224 211 335 226 211 323 219 250 233 224 261 284 225 272 335 226 269 323 219 237 148 228 183 143 166 182 136 170 270 133 166 261 131 170 
239 233 228 238 184 228 237 136 228 238 113 229 215 157 224 198 147 205 190 140 179 188 135 171 259 156 220 274 145 200 271 134 176 271 127 170 227 233 225 218 283 224 211 335 226 211 323 219 250 233 224 261 284 225 272 335 226 269 323 218 237 148 228 182 138 165 181 133 169 271 129 166 261 128 170 
239 233 228 238 184 228 237 136 228 238 113 229 215 157 224 198 147 205 192 137 181 189 132 172 259 156 220 275 144 199 271 133 176 271 126 171 227 233 225 218 283 224 211 335 226 211 323 218 250 233 224 261 284 224 272 335 226 269 323 218 238 148 228 185 136 168 181 131 170 272 128 167 259 127 170 
239 233 228 238 184 228 238 136 228 238 113 229 215 157 225 198 147 205 192 137 182 189 131 172 259 156 221 275 142 198 272 132 176 271 125 171 227 233 225 218 283 224 211 334 226 211 323 218 250 233 224 261 284 224 272 335 226 269 323 218 238 148 228 185 133 168 181 130 169 272 126 167 260 126 170 
239 233 228 238 184 228 238 136 228 238 113 229 215 156 225 198 146 206 193 136 183 190 129 172 259 156 221 275 142 198 273 129 178 271 124 172 227 233 225 218 283 224 211 334 226 211 323 218 250 233 224 261 284 224 272 336 226 269 323 218 238 148 228 187 131 169 182 128 169 273 126 167 261 126 171 
239 233 228 238 184 229 238 136 228 238 113 229 215 156 225 198 145 206 193 136 184 191 128 173 259 156 221 275 142 199 273 130 179 271 123 172 227 233 225 218 283 224 211 334 226 211 322 218 250 233 224 261 284 224 272 335 226 269 323 218 238 148 229 188 130 169 183 128 169 272 123 168 263 124 171 
239 233 228 238 184 229 238 136 229 238 113 230 215 156 225 198 145 206 192 131 179 191 126 172 259 156 221 276 142 199 273 129 179 271 122 173 227 233 225 218 283 224 211 334 226 211 322 218 251 233 224 261 284 225 272 336 226 269 323 218 238 148 229 185 128 167 182 125 169 273 121 168 261 122 171 
239 233 228 238 184 229 238 136 229 238 113 230 215 156 225 198 145 205 193 130 180 191 126 173 259 156 221 276 142 199 272 123 175 271 121 173 227 233 225 218 283 224 211 334 226 211 322 218 251 233 224 261 284 225 272 336 226 269 323 218 238 148 229 185 127 168 183 123 169 272 120 168 261 121 171 
239 233 228 238 184 229 238 136 229 239 113 230 215 156 225 198 145 205 193 130 181 192 125 173 259 156 221 276 141 200 274 126 180 271 120 173 227 233 225 218 283 224 211 334 226 211 322 218 251 233 224 261 284 224 272 336 226 269 323 218 238 148 229 186 126 168 183 123 169 275 121 167 262 121 172 
239 233 228 239 184 229 238 136 229 239 113 230 216 156 225 199 144 206 194 130 184 193 124 175 259 156 221 276 141 201 274 126 181 272 120 174 227 233 225 218 283 224 211 334 226 211 322 218 251 232 224 261 284 225 272 336 225 269 323 218 238 148 229 189 123 170 185 123 169 273 118 169 263 121 172 
239 232 228 239 184 229 238 137 229 239 113 230 216 156 225 199 144 206 194 130 184 193 123 176 259 156 221 275 141 201 274 126 181 272 120 174 227 232 225 218 283 224 211 334 226 211 322 218 251 232 224 260 284 225 272 335 225 269 323 218 238 148 229 190 122 170 187 124 173 273 118 169 262 120 172 
239 232 228 239 184 229 239 137 229 239 114 231 216 156 225 199 144 206 194 128 182 192 122 175 259 156 221 275 141 203 275 126 181 273 119 175 227 232 225 218 283 224 211 334 226 211 322 218 251 232 224 260 284 225 272 335 225 269 323 218 239 148 230 187 120 169 184 122 172 274 117 170 264 120 173 
239 232 228 239 184 230 239 137 230 239 114 231 216 156 225 199 143 206 194 127 182 193 121 176 260 156 222 275 141 203 275 125 182 272 119 176 227 232 225 218 283 224 211 334 226 211 322 218 251 232 224 260 284 225 272 335 225 269 323 218 239 148 230 187 120 170 184 120 171 271 114 169 263 120 173 
239 232 228 239 184 230 239 137 230 239 114 231 216 156 225 199 143 206 194 127 182 193 120 176 260 156 223 275 141 204 275 125 183 273 119 177 227 232 225 218 283 224 211 334 226 211 322 218 251 232 225 260 284 225 272 336 225 269 323 218 239 148 230 187 119 170 186 122 175 275 117 171 265 121 175 
239 232 228 239 184 230 239 137 231 239 114 231 216 156 225 199 143 206 195 126 183 193 120 177 260 156 223 275 142 204 275 125 183 274 119 177 227 232 225 218 283 224 211 334 226 211 322 218 251 232 225 260 284 225 272 336 225 269 323 218 239 149 231 188 117 170 184 118 172 274 115 171 265 120 175 
239 232 229 239 184 230 239 137 231 239 114 232 216 156 225 199 143 207 195 126 184 194 119 178 262 156 225 276 142 204 275 125 184 274 118 178 227 232 225 218 283 224 211 334 226 211 322 218 251 232 225 261 284 225 272 336 225 269 323 218 239 149 231 189 116 171 188 120 177 275 115 171 265 120 176 
239 232 229 239 184 231 239 137 231 240 114 232 216 156 225 199 143 207 196 125 184 195 119 178 262 156 225 276 142 205 275 125 185 274 118 178 228 232 225 218 283 224 211 334 226 211 322 218 251 232 225 261 284 225 272 336 225 269 323 218 239 149 231 190 115 171 187 118 175 276 115 172 265 120 177 
240 232 229 239 184 231 239 137 231 240 114 232 216 155 226 199 143 207 196 125 185 196 118 179 262 156 226 276 142 205 276 125 185 274 119 179 228 232 225 218 283 224 211 334 226 211 322 218 251 232 225 261 284 225 272 336 225 269 323 218 239 149 232 191 115 171 188 119 177 276 115 172 266 120 178 
240 232 229 240 184 231 239 138 232 240 115 233 217 155 226 199 143 207 197 125 186 196 118 180 262 156 226 276 142 206 276 125 186 274 118 180 228 232 226 218 283 224 211 334 226 211 322 218 251 232 226 261 284 225 272 336 225 269 324 218 239 149 232 192 114 172 189 119 178 275 114 173 266 120 178 
240 232 229 240 184 232 240 138 232 240 115 233 217 155 226 199 142 207 197 125 186 196 118 180 262 156 227 276 142 206 276 125 186 275 119 181 228 232 226 218 283 224 211 335 226 211 322 218 251 232 226 261 285 225 272 336 225 270 324 218 240 149 232 191 115 172 189 118 178 274 114 172 266 120 178 
240 232 230 240 184 232 240 138 233 240 115 233 217 155 227 199 143 208 197 125 186 197 118 181 262 156 227 276 142 206 276 125 186 274 119 181 228 232 226 218 283 224 211 335 226 211 322 218 252 232 226 261 285 225 272 336 225 270 324 218 240 149 233 193 114 173 189 118 178 277 115 173 266 120 178 
240 232 230 240 184 232 239 138 233 240 115 234 217 156 227 199 143 208 198 125 188 198 118 182 262 156 227 277 143 208 276 125 187 275 119 182 228 232 226 218 283 225 211 335 225 211 322 218 252 232 227 261 285 225 272 337 225 270 324 218 240 149 233 195 114 174 190 118 179 277 115 174 266 120 180 
240 232 230 240 184 233 240 138 234 240 116 234 218 156 228 199 143 208 198 125 188 198 118 183 263 157 228 277 144 210 277 126 188 275 120 183 228 232 226 218 283 225 211 335 225 211 322 218 252 232 227 261 285 225 272 337 225 270 324 218 240 150 234 194 114 174 190 117 178 276 115 175 266 121 181 
240 232 231 240 184 233 240 139 234 241 116 234 218 156 228 199 144 209 198 125 188 198 119 183 263 157 228 277 145 210 277 126 189 275 120 184 228 231 227 218 283 225 211 335 225 211 322 218 252 232 227 261 285 225 272 337 225 270 324 218 240 150 234 194 114 175 190 117 180 278 116 175 267 121 182 
240 232 231 240 184 233 240 139 234 241 116 235 218 156 229 199 144 210 199 125 189 199 119 185 263 157 229 277 145 210 277 126 189 275 120 184 228 231 227 218 283 225 211 335 225 210 322 219 252 232 227 261 285 225 271 338 224 270 324 218 240 150 234 197 114 176 192 118 181 277 116 176 266 121 182 
240 232 231 240 184 234 240 139 235 241 116 235 218 156 229 199 145 210 199 125 190 199 119 185 263 157 230 277 145 211 275 125 190 275 121 185 228 231 227 218 283 225 211 335 225 210 323 218 252 232 228 261 285 225 271 338 224 270 324 218 240 150 235 196 114 176 192 118 182 274 115 175 266 121 182 
240 232 231 240 184 234 240 139 235 241 117 235 218 156 229 199 145 210 199 126 190 200 119 185 263 157 230 278 145 212 276 126 190 275 121 185 228 231 227 218 283 225 211 335 225 210 323 219 252 232 228 262 285 226 271 338 224 270 324 218 240 150 235 198 114 177 193 119 182 277 116 177 265 121 182 
240 232 231 240 185 234 240 140 235 241 117 236 218 156 230 199 147 212 200 127 192 201 120 187 263 158 230 278 146 212 278 129 193 276 122 188 228 231 228 218 283 225 211 335 225 210 323 219 252 232 228 262 285 226 271 338 224 270 324 218 240 151 235 200 115 179 194 119 184 278 118 180 269 123 186 
240 232 232 241 185 234 241 140 236 241 117 236 219 156 230 199 148 212 201 128 194 201 121 188 264 158 231 281 149 213 278 131 194 276 124 189 229 232 228 218 283 225 211 336 225 210 323 219 252 232 228 262 285 226 271 338 224 270 324 218 241 151 236 200 115 179 194 119 185 278 119 181 269 124 186 
240 232 232 241 185 235 241 140 236 242 118 236 219 156 231 198 149 213 201 128 194 202 121 188 264 158 231 281 149 213 278 131 195 276 124 190 229 232 228 218 284 225 211 336 225 210 323 219 252 232 229 262 285 226 271 338 224 271 324 218 241 151 236 202 115 180 195 119 184 276 119 180 269 125 188 
241 232 232 241 185 235 241 141 237 242 118 237 219 156 231 198 150 213 201 128 194 202 122 189 264 158 231 281 149 213 278 131 195 276 125 190 229 232 228 218 284 225 211 336 225 209 323 219 252 232 229 262 285 226 271 338 224 271 324 218 241 152 237 202 116 180 195 120 185 276 119 181 269 125 187 
241 232 232 241 185 235 241 141 237 242 118 237 219 157 231 198 150 214 202 129 194 203 122 189 264 158 232 281 150 214 278 132 195 276 125 190 229 232 229 218 284 225 211 337 225 209 323 219 252 232 229 262 285 226 271 338 224 271 324 218 241 152 237 201 116 181 196 119 184 276 119 181 268 126 188 
241 232 233 241 186 235 241 141 237 242 119 237 220 157 231 198 151 214 202 129 195 203 123 190 264 159 232 281 151 214 278 132 196 276 126 191 229 232 229 218 284 225 212 337 225 209 323 219 253 232 229 263 285 226 271 339 224 271 324 218 241 152 237 203 116 181 196 120 185 277 121 182 268 127 189 
241 232 233 241 186 236 242 141 237 242 119 237 220 158 232 198 153 214 202 130 195 204 124 190 265 159 233 282 152 215 278 133 196 277 128 191 229 232 229 218 284 225 212 337 225 208 323 219 253 232 229 263 285 226 270 339 224 271 325 218 242 152 237 205 117 182 197 122 186 278 122 182 270 128 189 
241 233 233 241 186 236 242 141 237 242 119 237 220 158 232 198 154 215 203 131 195 205 125 191 265 159 233 282 153 215 279 134 196 276 129 191 229 232 229 218 284 225 212 337 225 208 324 219 253 233 230 263 285 226 270 339 224 271 325 218 242 152 237 205 118 183 198 122 186 275 122 183 269 130 190 
241 233 233 241 186 236 242 142 238 242 119 237 220 158 232 198 154 215 203 131 196 205 125 191 265 160 233 282 154 215 279 135 197 276 130 192 229 233 229 218 285 225 212 337 225 208 324 219 253 233 230 263 286 225 270 339 224 271 325 218 242 152 237 204 118 182 198 124 187 276 123 183 269 131 190 
242 233 233 242 186 236 242 142 238 243 120 238 220 158 232 198 155 215 204 132 196 205 126 191 265 160 233 282 155 215 279 136 197 276 131 192 230 233 229 218 285 225 212 337 225 207 324 219 253 233 230 264 286 225 270 339 224 271 325 218 242 153 237 206 119 183 199 124 187 276 124 183 268 132 190 
242 233 233 242 187 236 242 142 238 243 120 238 220 159 232 199 156 215 204 133 196 206 127 191 265 160 233 282 157 216 279 137 197 276 132 192 230 233 229 218 285 225 212 338 225 207 324 219 253 233 230 264 286 225 269 339 224 277 327 218 242 153 238 206 120 183 199 125 187 275 125 184 268 133 191 
242 233 234 242 187 236 242 142 238 243 120 238 220 159 232 199 157 215 205 135 196 207 129 191 265 160 234 282 158 216 279 139 197 276 135 193 230 233 230 218 285 225 212 338 225 207 325 219 254 234 230 264 286 225 269 339 224 278 329 218 242 153 238 206 121 184 200 129 189 275 127 184 269 135 191 
242 234 234 242 187 237 242 143 238 243 120 238 220 160 233 200 158 215 205 136 196 206 130 191 265 161 234 282 158 216 279 140 197 276 135 193 230 234 230 218 285 225 212 338 225 207 325 219 254 234 230 264 286 225 269 339 224 261 326 222 242 154 238 206 122 183 200 128 189 275 127 184 268 136 191 
242 234 234 242 188 237 242 143 238 243 121 238 221 160 233 200 160 215 205 137 196 207 131 191 266 161 234 282 160 216 279 141 198 276 137 193 230 234 230 218 286 225 212 338 225 207 325 219 254 234 231 265 286 225 269 339 224 262 325 222 242 154 238 206 123 183 200 130 189 277 129 184 269 138 191 
242 234 234 242 188 237 243 143 238 243 121 238 221 160 233 200 160 215 206 138 196 207 133 192 266 161 234 283 161 216 279 143 198 276 138 193 230 234 230 218 286 225 212 339 225 207 325 219 254 234 231 265 286 225 269 340 224 262 325 221 243 154 238 207 124 184 200 131 189 274 130 185 270 140 192 
242 235 234 243 188 237 243 144 238 243 121 238 221 161 233 200 162 216 206 139 197 207 134 192 266 162 234 284 164 217 279 144 198 276 139 193 231 235 230 218 287 225 212 339 225 208 326 219 254 235 231 265 286 225 269 340 224 262 325 221 243 155 238 207 125 184 200 132 189 276 132 185 269 140 191 
243 235 234 243 188 237 243 144 238 244 122 238 221 161 233 200 163 216 206 144 198 207 135 192 266 162 234 283 166 217 279 146 199 276 141 193 231 235 231 218 287 224 212 339 225 208 326 219 254 235 231 265 286 225 269 339 224 263 325 221 243 155 238 207 127 184 201 134 189 276 132 185 269 143 192 
243 235 235 243 189 237 243 144 238 244 122 238 221 161 233 200 165 216 206 146 198 207 138 192 266 162 234 284 169 217 279 149 199 276 144 193 231 235 231 218 287 224 211 339 225 208 326 219 254 235 231 266 286 225 269 339 224 265 324 221 243 155 238 207 130 185 200 136 189 276 135 186 270 146 193 
243 236 235 243 189 237 243 145 238 244 122 238 221 162 233 200 167 216 206 147 198 207 139 192 266 163 234 283 170 218 279 152 199 276 145 194 231 235 231 218 287 224 211 339 225 208 326 219 254 236 232 266 286 225 269 339 224 264 324 221 243 156 238 207 131 184 200 138 189 275 136 186 269 147 192 
243 236 235 243 190 237 243 145 238 244 123 238 221 162 233 201 169 217 206 148 198 207 141 192 266 163 234 283 171 218 279 153 199 276 146 193 231 236 231 218 287 224 210 339 225 209 325 219 254 236 232 266 286 225 270 339 224 268 324 219 243 156 238 206 132 184 200 139 189 275 138 186 268 148 193 
243 236 235 243 190 237 243 146 238 244 123 238 221 162 233 201 170 217 206 149 198 207 143 192 266 164 234 283 172 218 279 154 200 276 148 194 231 236 231 218 287 224 210 340 225 209 326 219 254 236 232 267 286 224 271 339 224 268 324 219 243 156 238 207 134 185 200 140 189 275 139 186 268 149 192 
243 236 235 243 190 237 244 146 238 244 123 238 221 162 233 201 172 217 206 150 197 207 145 192 266 165 235 283 175 218 279 157 200 276 151 193 231 236 231 217 288 224 209 340 225 210 326 219 254 237 232 267 286 224 271 339 224 268 324 219 244 157 238 206 136 184 200 143 189 273 142 186 268 153 192 
243 237 235 243 191 237 244 147 238 244 124 238 221 163 233 201 173 218 206 152 197 207 147 192 266 165 235 283 177 219 279 158 200 276 153 194 231 236 231 217 288 224 209 339 225 210 326 219 254 237 232 268 286 224 271 339 224 268 325 219 243 158 238 205 137 185 200 145 190 276 144 186 268 155 193 
243 237 235 243 191 237 244 147 238 245 124 238 222 163 233 202 173 218 206 153 197 207 148 192 266 165 234 283 177 219 279 159 200 277 154 194 232 237 232 217 288 223 210 339 225 210 326 219 254 237 232 268 286 224 271 339 224 268 325 219 244 158 238 206 139 185 199 145 189 277 145 186 269 155 192 
243 238 235 243 192 237 244 147 238 245 124 238 222 164 233 202 174 218 206 158 198 207 150 192 266 168 235 283 179 219 279 160 199 276 155 194 231 238 231 217 288 223 209 339 225 210 326 219 254 238 232 268 286 224 272 339 224 269 325 219 244 158 238 206 140 185 200 148 189 275 147 186 269 157 193 
243 238 235 243 192 237 244 148 238 245 125 238 222 164 233 202 178 219 206 159 198 207 152 192 266 167 235 283 179 219 278 161 199 276 157 194 232 238 232 217 288 223 209 340 224 211 326 218 254 238 232 268 286 223 272 339 224 269 325 219 244 159 238 205 142 185 200 151 190 277 148 186 268 158 192 
243 239 235 243 193 237 244 148 238 245 125 238 222 166 234 202 181 220 206 160 198 206 155 192 266 170 235 283 183 220 279 166 199 277 161 194 231 239 231 216 288 222 209 340 224 211 326 218 254 240 232 268 286 223 273 339 223 268 325 219 244 159 238 205 146 185 200 153 190 276 152 186 269 162 193 
243 240 235 243 193 237 244 149 238 245 126 237 222 166 234 202 182 220 206 165 199 206 157 192 266 170 235 283 184 220 279 169 200 276 162 194 231 240 231 216 289 222 209 340 224 211 327 218 254 240 232 268 287 223 274 340 223 267 326 219 244 160 238 206 148 185 200 154 189 276 153 186 269 164 194 
243 240 235 243 194 237 244 149 238 245 126 237 222 167 234 203 182 220 206 166 199 206 159 193 266 170 235 283 185 220 279 170 200 277 164 194 231 240 232 216 289 222 208 340 224 211 327 218 254 240 232 268 287 223 274 340 223 270 325 219 244 160 238 207 149 185 200 156 190 278 156 186 269 165 193 
243 241 235 244 194 237 244 150 238 245 127 237 223 168 234 203 182 219 207 167 198 206 162 193 266 171 235 282 185 220 279 171 200 277 168 194 232 241 232 215 289 222 208 341 224 212 328 218 254 241 232 268 287 223 274 340 223 278 326 218 244 161 238 205 153 186 199 161 190 279 160 187 270 167 193 
243 241 236 244 195 237 244 150 238 246 127 237 223 168 234 203 184 220 207 170 198 206 164 193 266 171 235 282 187 220 279 173 200 276 169 194 232 241 232 215 289 221 208 341 223 212 328 218 254 241 232 268 287 223 274 340 223 276 326 218 244 161 238 206 155 186 199 163 191 276 161 187 269 171 194 
243 241 236 244 195 237 244 151 238 246 127 237 223 168 234 204 186 221 207 171 198 206 165 193 266 171 235 281 189 221 279 176 200 276 171 194 232 241 232 215 289 221 207 341 223 212 328 217 254 242 232 269 287 223 275 340 223 275 325 218 244 162 238 205 156 186 199 166 191 277 163 187 269 170 194 
243 242 236 244 196 237 244 151 238 246 128 237 223 169 234 203 188 222 207 173 198 206 169 193 266 171 235 281 190 222 276 179 200 276 175 195 232 242 232 215 289 221 207 341 222 212 327 217 254 242 232 269 288 222 276 341 222 275 325 218 244 162 238 204 160 186 199 169 191 279 167 187 267 176 193 
243 242 236 244 196 237 244 151 238 246 128 237 223 169 234 203 190 223 207 177 198 206 171 193 266 171 235 281 192 222 277 181 200 276 176 195 232 242 232 215 289 221 207 341 222 212 328 217 254 242 232 269 288 222 276 341 222 274 326 218 244 162 238 205 162 186 199 170 191 278 169 187 268 178 194 
243 242 236 244 196 237 244 152 238 246 129 237 223 169 234 203 190 221 208 179 198 206 173 194 266 171 235 280 192 221 273 180 196 275 178 195 232 242 232 215 289 221 207 342 222 212 328 217 254 242 233 269 288 222 276 341 222 276 326 217 244 163 238 205 165 187 200 173 191 277 170 188 266 179 193 
243 243 236 244 197 237 244 152 238 246 129 237 223 169 234 202 194 215 208 181 197 206 177 194 266 171 235 280 193 221 270 191 197 275 182 196 232 243 232 214 289 221 207 342 222 212 328 217 254 243 233 269 288 222 278 341 222 275 326 218 244 163 238 207 168 187 199 175 191 277 175 188 264 183 194 
243 243 236 244 197 237 244 153 238 246 129 237 223 169 233 203 193 216 208 182 197 206 178 194 266 171 234 280 195 220 276 189 199 275 183 195 232 243 232 214 289 220 207 342 221 212 328 216 254 243 233 269 289 222 278 342 222 274 327 218 244 164 238 205 169 187 200 178 192 279 176 187 270 180 193 
243 243 236 244 197 237 244 153 237 246 130 237 223 170 233 203 193 216 208 183 197 206 180 194 266 171 234 280 196 220 277 188 198 275 185 196 232 243 232 214 289 220 207 342 221 212 328 216 254 243 233 269 289 222 278 342 222 274 327 217 244 164 238 204 170 187 199 179 191 274 177 189 267 187 195 
243 244 236 244 198 237 244 154 237 246 130 237 223 171 233 204 195 216 206 189 197 206 188 195 266 172 234 283 179 214 278 189 202 275 194 198 232 244 232 214 289 220 208 342 221 212 328 217 254 244 233 269 288 222 274 322 221 276 335 208 244 165 238 206 179 189 200 187 192 274 192 195 268 196 197 
243 245 236 244 199 237 244 154 237 246 131 237 223 171 233 203 195 216 208 194 197 207 190 196 266 172 234 283 180 214 278 189 202 275 195 198 232 245 232 214 289 219 208 342 221 212 328 216 254 245 233 269 288 221 274 322 221 276 335 208 244 165 238 205 181 189 200 189 193 274 194 195 273 200 199 
243 245 236 244 199 237 244 155 237 246 132 237 223 172 233 203 196 216 209 194 197 207 191 196 267 173 234 284 180 214 278 189 202 275 196 198 232 245 232 213 290 219 208 342 221 212 328 216 254 245 233 269 288 221 274 322 221 276 335 207 244 166 238 204 182 188 199 189 193 274 196 195 276 201 199 
243 245 236 244 199 237 244 155 237 246 132 237 223 172 233 203 197 217 209 195 198 207 192 196 266 172 234 283 182 214 278 191 202 275 197 198 232 245 232 213 290 219 208 342 221 212 328 216 254 245 233 269 288 221 274 322 221 276 335 207 244 166 237 204 183 188 200 190 193 273 198 196 275 202 200 
243 246 236 244 200 237 244 156 237 246 132 237 223 173 233 202 191 222 216 179 206 207 193 195 267 174 234 282 196 223 275 198 198 275 199 198 232 246 232 213 290 219 207 343 221 212 328 216 254 246 233 269 288 221 275 322 221 276 336 207 244 167 237 204 186 189 203 196 194 279 193 190 267 201 196 
243 246 236 244 200 237 244 156 237 246 133 237 222 173 233 204 192 220 209 199 198 207 197 197 267 174 234 282 196 223 274 200 199 275 201 199 232 246 232 213 290 219 207 343 221 212 328 216 254 246 233 269 289 221 275 322 221 277 336 207 244 167 237 206 189 191 200 194 193 280 196 191 268 201 196 
243 246 236 244 201 237 244 156 237 246 133 237 222 173 233 203 192 221 213 201 199 208 199 197 267 175 234 279 197 222 277 201 199 276 202 199 232 246 232 213 290 219 210 324 220 208 337 206 254 246 233 269 289 221 275 323 221 277 336 207 244 167 237 206 191 191 201 198 194 280 197 190 270 200 196 
243 247 236 244 201 237 244 157 237 246 133 237 222 174 233 202 195 223 209 203 199 207 202 197 267 175 234 280 198 222 272 207 200 275 205 200 232 247 232 213 290 218 210 324 220 208 337 206 254 247 233 269 289 221 276 325 221 277 339 207 244 168 237 205 195 191 199 199 194 275 200 194 267 207 196 
243 247 236 244 201 237 244 157 237 246 134 237 222 174 232 202 196 224 210 208 201 207 204 198 267 176 234 280 198 223 273 207 200 275 207 200 232 247 232 213 291 218 210 324 220 208 337 206 254 247 233 269 289 221 276 325 221 271 339 218 244 168 237 213 201 194 200 200 193 278 202 193 266 208 196 
243 247 236 244 201 237 244 157 237 246 134 237 222 174 232 203 197 224 210 208 201 207 205 198 267 176 234 280 199 223 273 207 200 275 207 200 232 247 232 213 291 218 210 324 220 208 337 206 254 247 233 270 289 220 276 324 220 270 339 218 244 168 237 206 199 193 199 201 194 274 201 194 267 209 196 
243 248 236 244 202 237 244 157 237 246 134 237 222 174 232 205 198 224 209 210 202 207 209 199 267 176 234 280 199 223 274 209 200 275 210 200 232 247 232 213 291 218 210 324 219 208 337 206 254 248 233 269 290 220 276 324 220 269 339 218 244 168 237 208 202 193 200 206 195 275 203 193 266 211 197 
243 248 236 244 202 237 244 158 237 246 134 237 222 175 232 205 198 224 209 211 202 207 210 199 267 176 234 279 200 223 274 210 201 275 211 201 232 248 232 213 291 218 210 324 219 208 337 206 254 248 233 269 290 220 276 324 220 271 338 218 244 169 237 207 203 193 200 206 195 277 205 194 268 212 198 
243 248 236 244 202 237 244 158 237 246 135 237 222 175 232 205 198 224 208 211 201 207 210 199 267 176 234 278 201 223 274 212 201 275 211 201 232 248 232 212 292 218 210 324 219 208 337 206 254 248 233 269 290 220 276 324 220 270 338 218 244 169 237 207 204 193 200 208 195 279 207 193 268 212 198 
243 248 236 243 202 237 244 158 237 246 135 237 222 175 232 205 199 224 210 214 202 207 212 199 267 177 234 278 201 224 274 213 202 275 213 202 232 248 232 212 292 218 210 324 219 208 338 206 254 248 233 269 290 220 276 324 220 278 338 207 244 169 237 207 206 193 199 209 195 279 209 194 268 214 198 
