261 260 267 264 218 260 266 175 253 267 158 256 260 197 242 295 203 236 309 195 253 310 193 255 278 196 267 274 202 241 268 201 216 264 204 192 257 262 262 219 279 240 184 312 239 195 322 232 265 259 266 301 273 261 282 305 259 294 315 252 266 186 255 313 195 257 315 191 250 262 201 188 269 203 187 
261 260 267 264 218 261 266 175 253 267 158 256 260 197 242 294 203 236 309 195 253 310 192 255 277 195 267 274 202 241 268 201 216 264 204 192 257 262 262 219 280 240 184 312 239 195 323 232 265 259 266 302 273 261 282 306 259 294 315 252 265 186 255 313 194 256 315 192 251 262 201 188 269 204 188 
261 260 267 263 218 261 266 174 253 267 157 256 259 196 242 294 203 236 309 195 253 309 193 255 277 195 267 274 202 241 268 201 216 264 204 192 257 261 262 218 280 240 183 313 239 195 323 232 265 258 265 301 273 262 282 305 259 294 315 252 265 186 255 313 194 257 313 193 252 263 201 188 269 204 188 
261 260 267 263 218 261 266 174 253 266 157 256 259 196 242 294 202 236 308 195 253 310 192 255 277 195 267 274 202 241 268 201 216 264 204 192 257 261 262 223 275 240 188 308 239 200 318 232 265 258 265 301 274 262 282 305 259 294 314 252 265 185 255 313 195 258 315 191 250 263 201 188 269 204 188 
261 259 267 263 217 261 266 174 254 266 157 256 259 195 242 293 201 236 308 195 253 311 192 255 277 195 267 274 202 241 268 201 216 264 204 192 257 261 262 217 279 240 183 313 239 195 323 232 265 258 265 301 273 262 282 305 259 295 314 252 265 185 255 313 195 257 314 192 251 263 201 188 269 204 188 
260 259 267 263 217 261 265 174 254 266 157 256 254 195 243 287 199 235 308 195 252 310 192 254 277 195 267 275 196 241 269 186 217 270 189 212 256 261 261 216 279 240 182 314 239 193 324 231 265 258 265 300 273 262 282 306 259 294 316 251 265 185 255 313 194 255 306 189 254 269 186 207 275 188 207 
258 260 265 262 217 260 265 174 254 266 157 256 253 195 243 286 199 235 307 195 252 310 189 251 276 194 267 275 196 241 269 186 217 270 189 212 253 261 260 216 279 240 182 314 239 193 325 231 263 258 264 299 272 262 282 306 259 294 316 251 264 185 255 315 192 252 304 192 255 269 186 207 275 188 207 
258 260 265 262 217 260 265 174 254 266 157 256 253 195 243 287 198 235 307 195 251 310 189 250 276 194 267 275 196 241 269 186 217 271 189 212 253 261 260 215 279 240 182 314 239 193 325 231 263 258 265 299 272 262 282 307 259 293 316 251 264 185 256 315 190 252 308 195 254 269 186 207 275 188 207 
258 260 265 262 217 260 265 173 254 266 156 256 253 195 243 287 198 236 307 196 251 310 192 254 276 194 267 289 198 242 263 187 225 262 189 218 253 261 260 215 279 240 182 314 239 192 325 231 263 258 265 299 272 262 282 307 259 293 317 251 264 185 256 310 197 258 308 198 255 261 185 213 267 187 213 
260 259 267 262 217 261 265 173 254 266 156 256 253 195 243 286 198 236 307 195 250 310 189 250 276 194 267 290 197 242 263 186 225 262 188 217 255 261 262 215 279 240 182 315 239 193 325 231 264 257 266 300 273 261 282 307 259 293 317 251 264 184 256 315 190 251 305 191 254 261 184 213 267 187 213 
260 259 267 262 217 261 264 173 254 266 156 256 253 195 243 286 198 236 308 195 253 311 194 257 276 194 267 289 197 242 263 186 225 262 188 218 255 261 262 215 279 240 182 314 239 193 325 231 264 257 266 300 273 261 282 307 259 293 317 251 264 184 256 308 200 264 307 196 259 261 185 213 267 187 213 
260 259 267 262 217 261 264 173 254 266 156 256 253 195 243 285 197 235 306 195 249 311 188 249 276 194 267 290 197 242 263 186 225 262 188 218 255 261 262 215 279 240 182 314 239 192 325 231 264 257 266 300 273 261 282 307 259 279 320 252 264 184 256 316 192 253 307 192 252 261 185 213 267 187 213 
259 259 267 262 217 261 264 173 254 266 156 256 253 195 243 285 196 235 306 195 249 311 188 249 276 194 267 290 197 242 263 186 225 262 188 218 255 261 261 215 279 240 181 314 239 192 325 231 264 257 266 300 273 261 281 307 259 279 320 252 264 184 256 314 188 252 308 193 252 260 185 214 267 187 213 
259 259 267 262 217 261 264 173 254 266 156 256 253 195 243 283 196 235 306 194 249 311 188 249 276 194 267 290 196 242 263 186 225 262 188 218 254 261 261 214 279 241 181 315 239 191 325 231 264 257 266 300 273 261 281 307 259 279 320 252 264 184 256 313 182 250 308 190 252 260 185 214 266 187 213 
259 259 267 262 217 261 264 173 254 265 156 256 253 195 243 283 195 235 307 193 252 309 192 257 276 194 267 290 196 242 263 186 225 262 188 218 254 261 261 214 279 241 181 315 239 191 325 231 264 257 266 300 273 261 281 307 259 279 320 252 264 184 256 308 198 262 305 198 261 261 184 214 266 187 214 
259 259 267 262 217 261 264 173 254 265 156 256 253 195 243 283 195 235 306 194 253 310 193 258 276 194 267 301 200 267 271 190 256 272 192 250 254 261 261 213 279 241 180 315 239 191 325 231 264 257 266 300 273 261 281 307 259 279 320 252 264 184 256 308 198 262 305 197 261 271 189 246 276 191 245 
259 259 267 262 217 261 264 173 254 265 156 256 253 195 243 284 194 235 313 188 247 315 186 250 280 201 270 306 199 267 275 191 257 272 192 250 254 261 261 213 279 241 180 315 239 190 326 231 264 258 266 300 272 261 281 307 259 279 320 252 264 184 256 314 193 256 313 185 248 271 189 246 276 191 245 
259 259 267 262 217 261 264 173 254 266 156 256 253 195 243 285 193 235 312 189 238 316 185 246 281 201 270 306 198 265 276 189 254 269 180 251 254 261 261 213 279 241 180 315 239 190 326 231 264 258 266 300 272 261 281 307 259 279 320 252 264 184 256 317 187 247 313 178 243 268 176 247 273 178 246 
259 259 267 262 217 261 265 173 254 266 156 256 253 195 243 285 193 235 312 189 238 317 185 245 281 201 270 306 198 265 276 189 254 275 191 248 254 261 261 213 279 241 180 315 239 190 326 231 264 258 266 300 272 261 281 307 259 279 320 252 264 184 256 320 187 244 314 179 243 274 188 243 279 190 243 
259 260 267 262 217 261 265 173 254 266 156 256 254 196 243 285 192 236 307 189 244 315 186 248 282 201 270 307 198 265 287 196 253 280 195 250 253 261 261 213 279 241 180 315 239 190 326 231 264 258 266 300 272 261 281 307 259 279 320 252 264 184 256 319 187 250 309 188 250 279 192 246 284 194 246 
259 260 267 262 217 261 266 173 254 267 156 256 254 196 243 285 192 236 309 189 243 314 186 248 283 201 270 309 198 264 287 196 254 280 196 251 254 261 261 214 279 241 180 315 239 190 326 230 264 258 266 301 272 261 281 307 259 279 320 252 265 184 256 319 187 250 311 188 247 279 192 247 284 195 247 
259 260 267 263 217 261 267 173 254 268 156 256 254 196 243 286 192 236 310 188 242 314 186 246 284 201 270 309 198 265 288 196 254 280 196 251 254 261 261 214 279 241 180 314 239 190 326 230 264 258 266 301 272 261 281 307 259 279 320 252 266 184 256 319 186 249 313 187 247 279 193 247 285 195 247 
259 260 267 264 217 261 268 174 254 269 157 256 255 197 244 286 191 236 312 188 241 313 186 244 284 201 270 309 198 265 288 196 255 281 196 251 254 262 261 214 279 241 180 314 239 190 326 230 265 259 266 302 271 261 281 307 259 279 320 252 267 185 256 321 186 248 312 185 246 280 193 247 285 195 247 
259 260 267 264 218 261 269 174 254 270 157 256 256 198 244 289 192 236 316 188 240 327 187 244 285 201 270 310 198 265 289 196 255 282 196 251 254 262 261 214 279 241 181 314 239 190 325 231 265 259 266 302 271 260 281 307 259 279 320 252 268 185 256 332 190 243 331 190 243 281 193 247 286 195 247 
260 260 267 264 218 261 270 175 254 271 157 256 257 198 244 289 192 236 316 187 239 325 187 245 286 201 270 311 198 265 291 197 255 284 196 251 254 262 261 215 279 241 181 314 239 191 325 231 265 259 266 302 271 260 282 307 259 279 320 252 269 186 256 332 188 243 330 187 244 283 193 247 288 195 247 
260 261 267 265 218 261 271 175 254 272 158 256 258 199 244 289 192 236 316 187 239 314 187 242 287 202 270 312 198 266 315 192 247 315 189 245 254 262 261 216 279 241 182 314 239 191 325 231 265 260 266 303 271 260 282 307 259 279 320 252 269 186 256 315 186 242 315 186 241 314 189 241 316 188 243 
260 261 267 265 219 261 272 175 254 273 158 256 258 200 244 296 193 237 321 190 242 332 189 247 288 202 270 313 199 266 332 193 250 335 190 248 254 262 261 216 279 241 182 314 240 191 325 231 265 260 266 303 271 260 282 307 259 279 320 252 270 186 256 337 190 247 330 189 247 342 191 242 337 193 248 
260 261 267 266 219 261 272 176 254 274 159 256 259 200 244 294 193 237 319 191 242 321 188 245 289 203 270 314 200 267 333 191 252 336 190 249 254 262 261 216 279 241 182 314 240 191 325 231 265 260 266 303 270 260 282 307 259 279 320 252 271 187 256 328 187 249 320 190 245 343 190 242 339 193 249 
260 261 267 266 219 261 273 176 254 275 159 256 261 200 244 298 194 238 325 194 240 334 194 242 289 203 270 315 201 267 334 192 253 336 191 250 254 262 262 216 279 241 183 314 240 192 325 231 265 261 266 303 270 260 282 307 259 279 320 252 271 187 256 340 193 245 333 195 241 345 189 242 342 193 249 
260 262 267 267 220 261 274 177 254 276 160 256 261 201 245 298 194 238 327 193 236 337 192 236 290 204 270 316 202 266 336 191 252 338 191 251 254 263 262 217 279 241 183 313 240 192 325 231 265 261 266 303 270 260 282 307 259 279 321 252 272 188 256 343 192 240 335 194 236 345 189 243 343 193 249 
260 262 267 267 220 261 275 177 254 277 160 256 262 201 245 299 195 238 327 195 238 326 189 246 291 205 270 317 202 266 337 192 253 339 191 251 254 263 262 217 279 241 184 314 239 193 325 231 265 262 266 303 270 260 282 307 259 279 321 252 273 188 256 328 187 244 326 191 244 348 188 243 345 193 250 
260 262 267 267 221 261 276 178 254 278 161 256 263 202 245 298 195 238 325 194 245 333 190 249 292 205 271 317 202 266 338 193 253 341 192 252 254 263 262 218 279 241 184 314 239 193 325 231 265 262 266 304 270 260 282 308 259 280 321 252 274 189 256 340 189 251 335 192 250 350 190 246 344 195 252 
260 263 267 268 221 261 276 178 254 278 161 257 263 202 245 300 196 238 326 194 245 334 191 249 293 206 271 318 203 267 340 195 255 342 192 253 254 263 262 218 279 241 184 313 240 193 325 231 265 263 266 304 270 260 282 308 259 280 321 252 274 189 256 340 190 252 336 193 250 352 190 246 345 194 254 
260 263 267 268 221 261 277 179 254 278 162 257 264 202 245 300 197 238 326 195 245 335 191 248 293 206 271 319 204 267 340 195 255 343 192 253 254 263 262 219 279 241 185 313 240 194 325 231 265 263 265 304 270 260 282 308 259 280 321 252 275 189 256 341 191 252 340 195 250 351 190 248 348 193 252 
260 263 267 268 222 261 278 179 255 279 162 257 264 202 245 301 198 238 326 196 244 335 192 247 294 207 272 319 205 268 341 196 256 344 193 254 254 263 262 220 279 241 185 313 240 194 325 231 265 264 265 304 269 260 282 308 259 280 321 252 275 190 256 341 190 250 339 193 249 353 191 249 349 193 252 
260 263 267 268 222 262 278 179 255 279 163 257 264 203 245 301 198 238 327 197 242 336 193 246 294 207 272 319 207 271 339 197 257 345 193 253 254 263 263 220 279 241 186 313 240 194 325 231 265 264 265 304 269 260 282 308 259 280 321 251 275 190 257 343 190 249 341 194 250 354 191 250 349 195 257 
260 264 267 268 222 262 278 180 255 280 163 257 265 202 245 301 199 238 332 197 244 338 194 247 294 207 272 323 206 267 343 195 254 345 194 254 254 263 263 221 279 241 186 312 240 195 324 231 265 264 265 303 269 261 282 308 259 280 321 251 276 190 257 344 191 249 340 195 248 348 188 251 349 192 254 
260 264 267 269 222 262 278 180 255 280 163 257 265 203 246 302 200 239 333 197 244 339 195 246 295 207 273 319 209 272 338 197 250 343 193 249 254 264 263 222 279 241 187 312 240 196 324 231 265 264 265 303 269 261 282 308 259 280 321 251 276 191 257 346 192 249 341 196 247 347 188 249 346 193 251 
260 264 267 269 222 262 278 180 255 280 163 257 265 203 246 302 200 239 330 199 242 337 196 245 295 207 273 320 209 271 338 197 248 342 194 247 254 264 263 222 279 241 187 312 240 196 324 231 265 264 265 303 269 261 282 308 259 280 321 251 276 191 257 345 193 247 336 200 244 349 189 249 347 195 254 
260 264 267 269 222 262 278 180 255 279 163 257 265 202 246 302 200 239 331 199 242 337 197 245 295 207 273 320 209 270 338 198 246 342 196 247 254 264 263 230 276 237 193 307 236 202 318 228 265 265 265 303 269 261 282 308 259 280 322 251 276 191 257 346 195 247 339 199 245 346 193 247 346 196 248 
260 264 267 268 222 262 278 180 255 279 163 257 266 202 246 302 201 239 330 200 241 334 199 244 294 207 273 320 209 269 338 198 246 342 196 247 254 264 263 230 276 237 193 307 236 202 318 228 265 265 265 303 269 261 282 308 259 280 322 251 275 191 257 343 197 246 332 203 243 347 191 245 346 194 246 
260 264 267 268 222 262 277 180 255 278 163 258 266 202 246 302 201 239 330 200 241 330 201 242 294 207 273 319 209 269 337 199 245 341 198 246 254 264 263 230 276 237 193 306 237 202 318 228 265 265 265 303 269 261 282 308 259 281 322 251 275 191 257 338 202 245 326 205 242 347 193 246 345 199 246 
260 264 267 268 222 262 277 180 256 277 163 258 265 202 246 303 201 239 330 200 241 338 199 244 294 207 273 319 208 268 337 199 245 341 198 246 254 264 263 231 276 237 193 306 237 203 318 228 265 265 265 303 269 261 282 308 259 281 322 251 275 191 257 348 197 245 340 200 244 347 197 245 345 197 246 
260 264 267 268 222 262 275 180 256 274 163 258 262 202 246 300 200 240 327 200 241 336 199 244 292 207 273 308 203 249 337 199 245 344 197 246 254 264 263 231 276 236 194 306 237 203 318 228 265 265 265 303 270 261 282 308 259 281 322 251 273 190 257 346 197 244 340 200 244 351 192 247 343 201 245 
260 263 267 267 222 262 273 179 256 272 162 258 263 194 246 300 199 240 327 200 241 336 198 244 290 206 273 307 203 249 337 199 245 343 197 245 255 263 263 231 276 236 194 306 237 203 318 228 264 264 265 303 270 261 282 308 259 280 321 251 272 190 257 346 197 244 343 199 244 351 192 246 342 200 245 
260 263 267 266 221 262 272 179 256 271 162 258 275 200 242 303 199 240 330 199 242 339 197 244 289 206 273 306 202 249 338 198 245 342 196 245 256 263 263 232 275 237 195 306 237 207 316 231 264 264 265 302 270 261 282 308 259 280 321 252 270 189 257 349 194 243 340 199 244 351 192 245 341 197 245 
260 263 267 266 221 262 269 178 256 269 161 258 263 192 245 301 198 240 328 199 241 337 197 244 287 205 273 305 202 249 337 198 244 342 195 244 256 263 262 226 280 237 190 310 239 201 320 231 264 263 264 303 270 261 282 308 259 280 321 252 269 189 257 347 193 243 340 199 243 351 190 245 342 196 244 
261 263 266 265 221 262 268 177 256 266 161 258 263 192 244 301 197 240 328 198 242 337 196 244 286 205 273 304 201 249 335 197 244 340 195 244 256 262 262 226 280 237 190 310 239 201 320 231 265 263 264 303 270 261 283 308 259 281 322 252 268 188 257 346 193 243 337 198 244 349 192 245 338 199 245 
261 262 266 264 220 261 266 177 255 264 160 258 263 193 244 301 197 240 328 197 241 336 195 243 284 204 273 303 201 250 334 196 243 338 194 244 256 262 262 226 280 237 190 310 239 202 320 232 265 263 264 303 270 261 283 308 259 280 322 252 266 188 257 347 192 245 336 198 244 346 192 243 337 197 243 
260 262 266 261 219 261 260 175 255 258 158 257 249 201 245 287 195 241 324 194 241 333 192 242 278 202 272 300 198 250 332 195 243 336 191 242 255 263 261 225 280 236 193 315 237 204 325 229 265 262 264 302 272 261 282 308 258 280 322 252 261 186 256 343 189 243 331 195 243 350 188 243 335 193 242 
260 262 266 260 219 261 259 174 255 257 157 257 246 202 245 284 196 241 312 191 239 322 191 241 277 202 272 298 197 250 331 193 243 338 189 242 254 263 261 223 281 235 199 318 237 209 328 228 264 261 264 302 273 261 282 308 258 281 322 252 259 186 256 332 190 240 323 193 240 347 186 242 343 189 243 
259 262 266 258 218 261 257 174 254 255 157 257 246 201 245 283 195 240 311 191 239 321 189 240 275 201 272 297 196 250 329 192 243 335 188 241 254 263 261 223 280 235 197 317 237 207 328 228 264 260 264 301 273 261 282 308 258 281 322 251 257 185 256 331 189 240 322 192 240 345 186 241 340 188 242 
258 261 266 257 217 260 254 173 254 252 156 257 244 200 244 281 193 240 311 190 239 322 187 240 273 201 271 290 194 248 327 190 242 332 187 241 253 262 261 222 280 235 196 317 237 207 328 228 264 260 264 300 274 261 281 308 258 281 322 252 255 184 256 331 186 239 323 189 239 343 185 241 338 187 242 
255 258 264 252 215 259 248 171 253 246 154 256 239 196 243 277 191 239 311 188 239 321 184 239 268 197 272 292 194 265 319 188 246 328 184 240 250 260 259 221 279 234 196 317 237 207 327 228 260 256 263 295 273 261 281 308 258 281 322 252 249 182 255 331 184 240 321 188 240 337 183 239 333 185 241 
254 256 265 249 214 260 243 170 252 244 153 255 236 192 241 270 185 236 299 183 237 310 182 238 264 196 271 288 192 265 314 186 246 324 182 239 249 258 260 219 279 234 194 318 236 206 327 228 259 254 264 292 275 260 280 308 258 281 322 252 245 181 254 319 182 237 314 184 238 333 182 238 328 183 240 
253 256 266 248 213 260 242 170 252 240 152 255 234 193 241 271 185 236 305 181 238 313 180 238 263 195 271 288 190 257 313 186 258 326 181 240 248 258 260 219 278 233 199 318 234 211 328 225 259 254 264 291 276 259 280 308 258 282 322 252 243 181 254 322 181 240 309 183 239 329 181 238 328 182 238 
253 257 263 247 213 258 239 168 252 238 151 254 232 192 240 269 185 235 298 181 236 308 179 237 258 194 270 283 190 264 309 185 258 322 179 238 249 259 258 218 278 233 200 321 234 212 331 226 258 255 261 290 275 261 279 309 258 282 322 252 241 180 254 318 179 238 312 181 238 325 179 236 325 181 238 
241 257 255 238 212 254 237 168 251 236 150 254 230 188 239 269 184 235 297 180 236 308 177 237 257 194 270 281 189 263 306 183 256 317 179 238 236 256 251 215 290 232 181 320 237 193 330 229 246 257 253 276 278 259 277 311 258 286 320 251 237 179 252 318 179 238 307 179 238 322 178 235 321 180 236 
239 256 256 237 212 254 235 167 251 234 150 253 229 188 239 267 183 234 297 179 236 307 176 237 252 194 269 276 190 264 301 183 257 315 177 237 234 257 252 215 291 231 181 321 236 193 330 229 244 256 254 276 278 259 276 310 258 286 318 251 235 178 252 318 178 237 306 178 237 319 177 234 318 179 236 
238 256 256 236 211 254 233 167 251 231 149 253 228 188 239 266 182 234 297 177 236 304 175 236 251 194 269 277 188 272 302 183 270 314 177 238 234 256 252 211 284 229 181 319 234 193 328 227 243 256 254 276 271 260 275 307 258 283 318 253 234 178 252 314 177 237 302 177 237 318 177 235 316 178 235 
236 254 257 232 210 254 226 165 249 227 147 252 220 185 237 258 179 232 295 174 235 301 173 235 246 191 266 269 189 271 293 180 268 296 180 268 231 255 252 211 284 229 181 319 234 193 329 226 241 254 254 275 271 259 275 308 258 284 319 253 228 176 251 310 175 234 303 175 235 306 181 269 301 182 269 
234 253 256 230 209 254 226 165 249 225 147 252 219 185 237 257 179 231 284 171 232 295 172 235 245 190 266 269 189 271 292 180 268 295 179 267 229 254 252 210 285 229 181 320 234 193 329 227 239 253 255 273 270 259 275 308 258 284 319 252 227 176 251 304 173 234 293 174 236 304 180 268 301 181 269 
233 253 256 228 209 253 223 165 249 222 147 251 216 185 237 254 179 230 282 172 232 292 170 233 243 189 266 268 188 271 292 179 268 295 178 267 228 253 252 209 284 229 181 320 235 193 329 227 238 252 255 271 271 259 275 309 258 284 318 252 224 176 250 301 172 234 292 172 233 302 179 269 299 179 268 
229 253 256 224 209 253 219 164 249 219 147 251 211 185 236 248 178 228 280 170 232 288 169 233 240 188 265 263 188 271 285 175 267 291 176 266 224 253 251 208 286 228 180 321 234 192 331 226 235 252 254 267 271 258 278 310 257 291 319 249 220 175 250 296 172 232 287 170 232 298 177 267 294 178 268 
228 253 256 223 208 253 217 164 248 217 146 251 210 184 236 243 178 226 280 169 232 286 168 232 237 190 263 260 189 271 281 176 266 288 175 265 223 253 251 207 286 227 180 322 234 192 331 226 234 252 254 266 271 258 279 310 257 270 321 253 219 175 250 294 170 232 283 165 229 296 177 265 292 177 267 
227 253 256 221 208 252 215 164 248 216 146 250 208 185 235 242 178 226 277 168 231 284 167 232 237 190 263 259 189 271 280 176 266 286 174 264 221 253 250 206 287 227 180 323 233 192 332 225 232 252 254 265 271 258 279 311 257 291 319 249 217 175 249 292 169 231 283 166 229 294 176 264 290 176 266 
226 253 255 220 208 252 213 163 248 214 146 250 206 184 235 240 178 226 268 167 229 275 166 230 235 190 262 257 189 271 277 175 264 281 174 264 220 253 250 205 287 227 179 323 233 191 333 226 231 252 254 264 272 258 279 311 257 291 319 249 215 175 249 287 167 230 275 165 227 290 175 264 286 176 264 
224 253 255 218 208 252 212 163 248 212 146 250 205 185 235 238 178 224 263 166 229 271 165 230 234 190 262 256 189 270 276 175 264 280 174 263 219 253 250 204 287 227 178 324 233 190 334 225 230 252 254 263 272 258 278 311 257 291 319 249 214 175 249 281 167 231 275 165 227 287 174 263 284 175 264 
224 254 255 217 209 252 208 164 247 210 146 249 197 189 236 224 180 223 252 168 224 261 166 228 233 190 262 256 186 269 274 170 259 278 173 261 217 255 250 197 281 224 179 324 229 189 334 220 230 253 255 262 273 258 268 312 256 281 315 253 211 175 248 271 166 228 261 164 225 285 173 260 281 174 262 
220 255 257 214 210 252 207 164 246 208 146 249 197 189 236 224 180 223 251 167 224 257 165 227 233 190 263 256 186 268 275 171 259 277 172 261 212 256 251 198 282 224 179 324 230 190 334 221 227 254 256 261 273 257 268 312 256 281 316 253 209 175 248 267 165 227 255 164 225 283 174 260 278 174 263 
220 254 259 213 210 253 206 164 246 207 146 249 196 189 236 214 181 222 243 171 224 249 167 226 232 190 263 253 193 272 264 175 261 267 174 261 213 256 253 198 280 225 180 322 231 191 332 222 227 253 259 260 274 257 274 312 258 272 324 249 208 175 248 259 165 227 258 164 224 275 170 257 272 174 260 
218 253 261 212 209 254 204 163 246 206 146 249 194 189 236 221 180 221 247 166 226 258 165 227 231 190 262 252 193 272 264 175 260 266 174 259 211 255 255 199 279 226 181 321 232 191 331 223 225 252 261 259 275 257 274 303 261 273 316 253 206 175 248 267 166 227 258 164 224 273 171 257 273 174 260 
218 254 261 211 209 254 203 164 246 205 146 248 193 189 235 210 181 221 239 170 221 245 167 225 230 190 262 252 193 271 260 174 259 268 173 259 211 256 254 197 280 226 182 318 234 192 329 225 225 252 261 258 275 257 266 314 257 279 316 253 206 175 248 257 165 226 243 164 224 275 172 257 273 174 260 
217 254 259 210 210 253 202 164 246 202 146 248 188 189 235 217 180 220 246 167 227 253 165 226 227 190 260 248 194 270 251 175 257 261 174 257 210 256 253 196 280 225 179 322 231 188 333 222 224 252 259 257 276 257 262 313 256 280 314 255 204 176 248 260 165 227 251 164 222 266 171 254 264 175 258 
214 251 251 207 208 249 201 164 245 201 146 248 187 188 234 210 183 218 235 169 224 241 167 225 227 190 260 244 199 271 251 179 260 258 175 257 207 252 244 195 293 227 179 319 235 189 329 226 221 251 251 250 282 256 269 309 258 280 318 248 202 175 247 252 166 224 249 165 222 266 172 253 265 175 258 
214 251 251 207 208 249 200 164 245 200 146 248 187 188 234 208 184 218 235 169 224 240 167 224 227 190 260 244 200 271 248 180 259 257 176 257 207 252 245 195 293 227 179 319 235 189 329 225 221 251 251 250 283 256 268 310 257 279 318 248 201 175 247 251 166 224 241 166 221 265 173 253 264 176 259 
214 251 251 206 208 249 199 164 245 200 146 248 187 188 234 204 185 218 230 170 223 238 168 224 227 190 260 243 201 271 249 182 259 255 177 256 207 252 245 195 293 227 182 323 233 192 333 224 221 251 251 250 283 256 268 310 257 279 318 248 201 175 246 250 167 224 240 166 221 261 173 252 261 177 258 
213 251 251 205 208 248 197 164 245 198 146 247 183 186 234 193 186 216 223 187 221 227 174 224 227 190 260 238 208 270 245 184 259 251 179 255 206 252 244 195 293 227 181 321 234 190 331 224 220 250 251 249 283 256 268 309 258 278 318 248 199 175 246 231 175 229 227 173 220 258 176 251 259 179 257 
213 251 250 204 208 248 196 164 245 198 146 247 182 184 234 185 192 216 216 178 222 226 175 223 218 190 253 233 201 265 241 190 258 245 183 255 205 251 244 194 293 227 179 321 235 188 331 225 220 250 250 248 284 256 267 309 258 278 318 248 198 175 246 237 173 222 227 173 220 252 178 249 252 181 253 
212 251 250 204 208 248 195 165 245 197 146 247 181 179 234 184 193 217 215 179 222 221 176 222 218 190 253 232 202 265 241 190 258 246 184 255 204 251 244 194 293 227 179 321 235 187 331 225 220 250 250 247 285 255 267 310 258 278 319 248 197 175 246 233 174 221 224 175 219 253 179 250 252 183 256 
212 251 250 203 208 248 194 165 245 197 146 247 180 180 234 184 193 217 215 179 223 221 178 223 218 191 254 232 204 266 244 186 254 245 185 254 204 251 243 194 293 227 178 321 235 187 331 225 219 250 250 247 285 255 267 310 257 278 319 248 197 176 246 233 175 221 229 175 219 251 180 249 251 185 255 
211 251 250 203 208 248 194 165 244 197 146 247 179 183 234 181 198 217 209 185 223 216 183 223 218 192 254 229 208 265 241 190 254 245 187 253 203 251 243 193 293 227 178 321 235 187 331 225 219 251 250 246 286 255 267 310 257 278 319 247 196 176 245 226 180 222 221 181 219 254 184 249 252 187 254 
211 251 250 203 208 248 194 165 244 197 146 247 179 183 234 173 201 218 207 187 222 216 184 223 218 192 254 228 209 265 240 191 254 244 189 253 203 251 243 193 293 227 178 321 235 187 331 225 219 251 250 246 286 255 267 309 257 277 319 247 196 176 245 226 181 222 221 181 219 251 186 248 248 190 253 
211 250 249 202 208 248 194 166 244 196 146 247 179 183 234 173 201 218 208 187 223 217 186 223 214 185 253 226 207 263 242 190 254 244 190 253 203 251 243 193 293 227 178 321 235 187 331 225 218 250 250 241 283 253 267 309 257 277 319 247 196 176 245 227 183 222 219 184 219 252 187 248 250 191 254 
210 250 249 202 208 247 193 166 244 197 147 246 180 183 234 170 202 219 207 194 224 214 192 225 213 185 252 225 207 261 243 192 253 243 194 253 203 250 242 193 293 227 180 322 233 189 333 224 218 249 250 243 285 254 267 309 257 277 318 247 196 176 245 221 192 228 219 189 220 252 192 248 246 195 254 
210 250 249 202 208 247 193 166 244 198 148 246 180 183 233 169 203 219 200 199 224 212 195 225 213 185 252 221 209 261 241 195 254 243 195 253 202 250 242 193 293 227 179 322 234 188 332 224 218 249 250 244 286 254 267 309 257 277 319 247 196 177 245 221 193 226 220 191 221 251 193 248 248 197 254 
210 250 249 202 208 247 193 167 244 198 148 246 180 184 233 169 205 220 205 199 225 215 196 225 213 185 252 221 210 261 240 197 253 243 198 253 202 250 242 193 293 227 180 322 234 189 333 224 217 249 250 243 285 254 267 310 257 277 319 247 195 177 245 225 193 223 219 193 221 250 195 248 247 199 254 
210 250 249 202 208 247 194 167 244 202 150 245 180 185 233 169 208 221 207 205 226 215 204 226 214 185 252 219 216 262 239 205 253 240 204 253 202 250 242 194 293 227 180 322 234 189 333 224 217 249 250 244 287 254 267 310 257 277 319 247 196 178 245 222 201 226 220 200 222 249 200 248 243 206 255 
210 250 249 202 209 247 195 168 244 203 150 245 181 186 233 169 210 221 207 206 226 216 205 226 214 188 252 224 212 258 249 205 253 249 205 252 202 251 242 194 294 227 180 322 234 189 332 224 217 249 250 244 287 254 267 310 257 277 319 247 197 178 245 226 202 224 222 202 222 251 205 250 249 206 251 
210 250 249 203 209 247 196 169 243 204 151 245 181 186 233 170 210 222 207 208 226 215 208 227 214 189 251 228 213 256 253 205 252 262 203 251 203 251 242 194 295 227 180 322 234 189 332 224 217 249 250 244 287 254 267 310 257 277 319 247 198 179 245 226 203 225 222 204 222 263 202 249 262 204 249 
210 251 249 203 210 247 197 169 243 206 151 244 182 186 232 171 211 222 208 210 226 219 209 227 214 189 251 229 213 256 254 205 252 262 203 251 203 252 242 195 295 227 180 322 234 189 332 225 217 250 250 245 287 255 267 310 257 278 319 248 198 179 244 229 205 226 224 206 224 263 203 249 262 204 249 
210 251 249 204 210 247 198 169 243 207 152 244 183 187 232 172 212 223 213 213 228 221 211 228 215 190 251 230 213 256 255 208 252 264 207 251 203 253 242 195 296 227 175 322 237 184 333 228 217 250 250 245 287 255 267 310 257 278 319 248 199 180 244 231 206 226 230 208 224 265 207 249 264 208 250 
211 253 250 205 212 247 200 170 243 211 153 244 186 188 232 173 213 223 210 218 229 222 216 229 217 191 251 232 214 256 258 219 254 267 220 254 204 254 243 196 297 227 176 323 237 185 333 227 218 251 251 246 287 255 267 311 257 278 320 248 201 181 244 232 212 228 220 217 226 268 220 252 267 221 253 
211 253 250 206 212 247 202 171 243 212 154 244 187 188 232 175 214 223 214 220 229 224 217 230 219 192 251 234 215 256 260 219 254 268 221 254 204 255 243 196 298 227 176 323 237 185 333 227 218 252 251 247 288 256 268 312 258 278 321 252 203 182 244 234 212 229 228 217 226 270 221 252 268 222 252 
211 254 250 207 213 247 203 172 243 213 155 244 188 189 232 179 215 223 215 221 230 224 220 230 220 192 251 235 215 256 247 238 257 251 246 258 204 255 243 197 300 227 175 323 237 184 333 228 219 253 251 251 293 257 274 315 258 264 309 253 204 182 244 234 216 228 230 219 226 252 246 256 251 247 257 
212 255 250 208 214 247 205 172 243 215 155 244 190 189 232 179 215 223 216 223 230 227 222 230 220 193 252 235 216 256 250 237 256 257 234 256 204 256 243 197 300 227 176 323 237 185 333 228 218 254 252 252 291 257 272 317 258 268 305 253 206 183 244 237 217 229 227 222 227 258 234 254 257 235 255 
212 256 250 209 214 247 207 173 243 218 157 244 192 189 232 182 216 224 220 225 231 228 224 231 220 194 252 235 216 257 253 236 257 259 242 257 205 256 243 197 300 227 180 323 236 190 334 227 219 255 252 252 290 257 272 316 258 271 303 254 207 183 244 238 219 229 227 226 228 260 242 255 259 243 256 
214 257 252 212 216 248 211 174 243 220 158 245 196 191 232 194 220 227 230 229 232 234 226 232 223 195 252 237 218 257 256 236 258 262 242 258 207 258 244 198 301 227 180 323 236 191 333 227 220 256 253 253 290 257 272 316 258 272 303 254 211 185 245 242 224 231 231 229 229 264 242 256 262 243 257 
215 258 255 214 217 249 213 175 243 223 159 245 198 192 233 194 220 226 230 230 232 235 228 232 225 196 253 240 219 258 259 236 258 266 242 258 209 260 247 198 302 227 179 323 236 189 333 227 222 256 257 256 293 258 274 320 258 275 307 255 213 186 245 246 223 231 232 231 229 267 242 256 266 243 257 
216 259 256 215 218 250 215 176 244 227 161 245 200 193 233 198 222 227 230 231 233 236 230 233 227 197 253 242 219 258 264 232 259 272 236 260 209 260 247 198 299 227 180 321 236 190 332 227 222 257 258 255 284 258 269 314 257 281 310 256 215 186 245 246 225 232 237 231 230 273 236 258 272 237 259 
216 259 256 216 218 250 217 177 244 228 162 246 202 194 233 215 230 230 243 232 235 246 226 233 229 198 253 244 220 258 266 233 259 274 237 260 209 261 247 198 300 226 180 321 236 190 332 227 222 257 258 256 284 258 271 313 257 283 311 257 217 187 246 252 224 232 245 228 231 275 237 258 274 238 259 
216 260 256 217 219 250 219 177 244 231 163 246 204 195 233 211 228 229 239 234 235 244 230 234 231 198 253 230 227 261 254 236 258 258 230 260 209 262 247 199 300 226 180 321 236 190 332 227 223 258 258 256 283 258 271 312 257 283 312 257 219 188 246 251 225 233 245 232 232 262 230 259 258 232 258 
216 260 256 219 220 251 222 178 244 234 165 246 207 195 233 211 228 229 241 233 234 247 231 235 234 199 254 231 228 261 256 234 258 260 230 260 209 262 247 199 299 225 180 321 236 190 332 227 223 259 258 257 283 258 272 312 257 285 313 256 221 188 246 255 225 233 245 234 231 266 228 258 258 232 260 
219 262 257 222 221 251 226 179 245 236 164 247 213 197 234 214 228 229 246 236 236 252 233 235 238 200 254 233 235 255 257 262 255 262 271 256 212 264 248 201 299 224 181 320 236 191 332 227 225 260 259 262 277 259 273 312 257 286 315 255 225 190 246 257 231 235 254 229 233 267 279 256 258 273 253 
218 262 257 223 221 251 228 180 245 241 166 248 213 197 234 224 230 231 250 237 237 254 233 236 240 200 255 234 236 255 257 263 255 262 271 257 211 264 248 202 299 224 181 320 236 191 332 227 225 261 259 261 290 258 282 316 257 293 326 248 227 190 247 261 229 235 254 235 233 268 280 256 258 273 254 
218 262 257 224 222 252 231 180 246 242 167 248 215 198 234 225 231 231 251 237 237 257 233 237 242 201 255 236 236 256 258 264 255 264 273 257 211 264 248 203 299 224 181 320 236 191 332 227 225 261 260 261 280 259 280 313 257 291 324 248 229 191 248 264 229 236 259 234 234 270 282 256 259 274 254 
219 262 257 225 222 252 233 180 246 244 167 248 217 199 235 228 231 231 258 236 238 262 231 237 244 201 256 238 236 256 263 262 257 260 267 256 211 264 248 204 299 223 182 320 236 192 332 227 226 261 261 261 280 259 280 313 257 291 324 248 231 191 248 267 228 236 262 233 234 264 276 256 255 269 254 
224 264 258 231 223 253 238 182 247 249 168 249 223 199 235 238 233 233 264 236 239 267 231 238 249 202 256 248 238 256 268 267 256 267 279 257 217 266 247 202 299 223 181 320 236 191 332 228 231 262 262 265 280 259 280 313 257 291 323 248 237 192 249 273 228 237 266 234 236 270 289 255 263 282 255 
226 264 258 232 223 253 239 182 247 249 168 249 223 200 236 239 232 232 266 233 238 270 229 238 245 209 259 242 244 259 262 273 258 262 285 257 219 266 248 200 295 222 187 317 234 198 328 226 231 263 262 268 276 259 269 310 256 281 321 248 237 192 249 275 225 238 269 233 237 264 294 255 256 285 255 
232 265 261 236 224 255 241 182 247 250 168 249 224 201 236 241 231 232 267 233 239 272 229 238 245 209 259 243 245 259 263 274 258 263 285 257 227 268 250 201 288 225 186 318 235 197 329 227 237 263 265 273 277 258 270 311 256 277 322 251 240 193 249 278 225 238 272 233 238 265 294 256 256 285 255 
237 265 264 240 225 256 242 183 248 252 168 250 226 201 237 243 231 232 275 230 240 279 224 239 246 210 260 244 245 259 264 274 259 264 285 257 233 267 254 206 284 229 186 318 235 197 329 227 241 262 268 276 277 257 270 311 256 278 322 251 242 193 250 282 221 238 278 227 237 266 295 255 258 285 255 
237 265 264 240 225 256 244 183 248 253 168 250 226 204 238 249 231 233 276 229 240 279 225 239 251 213 264 248 247 263 268 276 263 268 288 258 233 268 253 204 285 228 185 318 235 196 330 228 242 262 269 277 276 256 271 311 256 277 324 251 243 194 250 284 221 239 279 228 237 268 289 257 267 288 256 
238 265 264 242 225 257 245 183 248 256 169 251 229 202 238 250 230 233 276 229 239 281 224 239 251 213 265 249 247 264 268 276 263 269 286 258 234 268 252 204 285 228 185 319 236 196 329 228 243 262 270 277 276 256 272 311 256 276 324 251 244 194 251 287 220 240 282 226 237 269 288 257 268 287 256 
241 268 265 245 226 258 251 183 249 260 169 252 234 202 238 254 228 233 280 228 240 285 223 240 255 213 266 254 248 261 281 267 261 290 273 261 238 269 261 213 280 233 185 318 236 196 329 229 245 268 264 284 272 260 272 311 256 278 324 251 249 194 252 292 219 240 285 226 240 290 274 260 290 274 259 
241 268 266 246 226 258 251 183 249 260 169 252 234 204 239 260 228 233 284 227 241 288 220 240 255 212 266 256 245 253 271 262 260 276 267 259 238 269 261 213 280 233 185 318 236 197 329 229 245 268 264 284 272 260 273 311 256 277 325 251 250 194 252 293 218 241 288 224 240 282 273 260 272 270 256 
242 269 266 247 227 258 254 183 250 264 169 253 237 205 240 262 226 233 291 219 241 295 213 241 258 212 266 258 244 254 273 262 260 277 267 259 238 270 261 214 280 234 185 317 237 196 328 229 247 268 265 286 271 259 275 312 256 287 322 248 252 194 252 300 207 240 296 215 238 284 276 261 273 269 256 
242 269 266 248 227 259 257 183 250 266 168 253 239 205 241 270 223 234 294 217 241 297 212 241 261 212 267 261 244 255 276 262 261 280 267 259 237 270 261 214 280 233 184 316 236 195 328 228 247 268 266 285 270 260 276 311 256 287 322 248 254 194 253 303 206 241 300 212 238 286 274 262 280 270 257 
242 269 266 249 227 259 258 183 251 267 168 253 240 205 241 270 222 234 295 217 240 298 211 241 262 212 267 262 244 255 277 262 262 281 266 259 237 270 260 214 280 233 183 316 235 194 328 228 247 268 266 285 270 260 276 311 256 288 322 248 256 194 253 306 203 241 302 213 240 285 270 260 277 267 256 
242 269 266 250 227 259 259 182 251 268 168 254 244 204 242 271 222 234 301 211 241 303 205 241 263 212 268 263 244 256 257 265 262 256 271 259 237 270 260 214 281 233 183 316 235 194 328 227 246 268 266 285 270 260 277 311 256 289 321 249 257 194 253 308 196 240 304 208 238 255 274 259 253 272 258 
241 269 266 250 226 259 261 182 252 269 167 254 245 203 242 276 221 234 301 211 241 306 203 242 265 211 268 265 244 256 257 265 262 255 272 260 237 270 260 214 281 232 182 316 234 193 328 227 246 268 266 285 269 261 278 311 257 289 321 249 258 193 254 311 193 240 309 203 238 252 277 260 251 273 258 
241 269 266 251 226 259 262 182 252 269 166 254 246 203 242 276 221 234 301 211 241 307 203 242 266 211 268 266 244 256 257 265 262 256 272 260 237 269 260 214 281 232 182 317 234 192 328 226 246 268 266 285 269 261 278 310 257 290 321 250 259 193 254 310 194 241 311 198 238 253 276 260 251 273 258 
241 268 266 252 226 260 263 182 252 270 166 255 248 202 242 278 220 235 302 211 241 308 203 242 267 211 268 267 243 256 258 264 262 257 271 260 237 269 260 218 266 232 187 304 231 180 316 234 246 268 266 285 269 261 278 310 257 290 321 250 260 193 254 314 194 241 308 198 239 253 276 260 252 272 258 
241 268 266 252 225 260 264 182 252 271 166 255 249 202 243 281 219 235 305 209 241 308 204 242 268 211 269 280 219 244 307 206 241 309 202 242 237 268 260 218 266 231 186 304 231 180 316 234 246 268 266 285 268 261 278 310 257 290 321 250 261 193 254 312 194 242 305 203 241 315 195 239 311 202 239 
241 268 266 252 225 260 265 181 253 271 165 255 249 202 243 282 218 235 306 208 241 310 201 242 268 210 269 280 219 244 311 202 242 312 198 242 237 268 260 213 283 233 179 317 234 177 320 238 246 268 266 285 268 261 279 310 258 275 323 250 262 192 255 313 196 241 314 195 238 314 192 240 313 202 239 
242 267 266 253 224 260 266 181 253 272 165 255 250 202 243 283 217 235 309 206 241 311 202 242 269 210 269 287 215 246 312 201 242 314 196 242 237 267 260 215 280 232 181 315 233 177 319 236 246 267 265 285 269 261 279 310 258 276 323 250 262 192 255 313 194 243 306 203 240 318 186 239 316 198 239 
242 267 266 254 224 260 266 181 253 272 164 256 251 201 243 284 216 235 310 205 242 313 200 242 270 210 269 287 215 246 312 201 242 315 196 242 237 266 260 216 280 232 181 315 233 177 319 236 246 267 265 285 269 262 279 310 258 275 322 250 263 192 255 316 192 242 312 197 241 319 186 240 316 199 240 
242 266 266 254 224 260 267 180 253 272 164 256 251 201 244 286 215 235 310 207 240 311 203 241 270 209 270 287 215 246 315 199 242 316 195 242 237 266 260 215 281 233 181 315 233 177 319 237 246 266 265 285 268 262 279 309 258 276 322 250 263 191 255 318 198 241 314 198 238 319 185 240 318 196 239 
242 266 266 254 223 260 267 180 253 272 164 256 252 201 244 286 215 235 315 200 242 317 196 242 270 209 270 287 215 246 315 199 242 316 194 242 237 266 260 215 281 233 181 316 234 177 319 238 246 266 265 285 268 262 279 309 258 277 322 251 264 191 255 319 192 241 315 194 241 320 183 240 319 193 239 
242 266 266 254 223 260 267 180 254 272 163 256 252 202 244 286 214 236 315 200 242 318 196 242 270 209 270 287 215 246 315 199 243 318 192 243 238 265 260 214 283 234 179 317 234 176 319 239 246 266 265 285 267 262 280 308 259 291 319 251 264 191 255 320 192 241 316 193 242 322 182 240 320 194 239 
242 265 266 255 223 260 267 179 254 272 163 256 252 201 244 287 213 236 315 200 242 318 196 243 271 208 270 287 215 246 317 198 243 319 191 243 238 265 260 214 283 235 179 317 235 176 319 239 247 265 265 285 267 262 280 308 259 291 319 251 264 190 256 321 192 241 316 193 242 323 182 241 321 192 239 
242 265 266 255 222 260 267 179 254 272 162 257 253 201 244 287 212 236 315 200 242 319 196 243 271 208 270 287 214 246 318 197 242 320 190 242 238 265 260 213 284 235 178 317 235 176 319 240 247 265 265 285 267 262 280 308 259 292 318 251 264 190 256 321 192 241 317 193 242 324 180 241 322 190 238 
242 265 266 255 222 260 268 179 254 272 162 257 253 201 244 288 212 236 313 203 240 316 199 242 271 208 270 287 213 247 319 196 242 320 189 242 238 264 260 213 284 235 178 317 235 176 318 240 247 265 265 285 267 262 280 307 259 292 318 252 264 190 256 323 196 242 316 195 241 324 182 241 322 193 239 
243 264 266 255 222 260 268 178 254 271 162 257 253 201 244 288 211 236 315 201 241 319 196 242 271 207 270 280 208 245 316 197 242 321 190 242 238 264 260 213 284 236 178 317 235 188 329 228 247 264 265 286 268 262 280 307 259 292 318 252 264 189 256 323 192 241 317 194 241 322 183 241 322 195 240 
243 264 266 255 221 260 268 178 254 271 161 257 253 201 244 289 210 236 314 201 240 316 199 241 271 207 270 279 207 245 312 203 239 317 197 241 238 264 260 213 284 236 177 317 236 188 329 229 247 264 265 286 267 262 281 307 259 292 317 252 264 189 256 320 196 242 314 197 239 324 189 239 319 199 240 
243 264 266 255 221 260 268 178 254 271 161 257 253 201 244 289 210 236 315 202 239 317 198 241 271 207 270 279 207 245 312 203 239 318 197 241 238 264 260 212 284 236 177 317 236 188 329 229 247 264 265 286 267 262 281 307 259 292 317 252 264 189 256 321 195 241 314 198 237 324 189 240 319 200 240 
243 263 266 255 221 260 267 177 254 270 160 257 253 201 244 289 209 236 315 202 239 318 197 241 271 206 270 287 210 247 322 195 242 323 188 242 238 263 260 212 284 236 177 317 236 188 329 229 247 263 265 286 267 262 281 307 259 293 317 252 264 188 256 323 194 241 319 192 241 325 177 240 321 185 242 
243 263 266 255 220 260 267 177 254 270 160 257 253 200 244 289 208 236 315 202 239 318 198 241 271 206 270 279 205 245 313 202 239 319 196 241 239 263 260 212 284 237 177 317 236 188 329 229 247 263 265 286 268 262 281 307 259 292 317 252 264 188 256 322 195 241 314 197 237 325 188 240 321 197 240 
243 263 266 255 220 260 267 176 254 269 159 257 253 200 244 289 207 236 315 202 239 318 198 241 270 206 270 282 206 245 318 198 240 322 192 242 239 263 260 211 283 237 176 317 236 188 329 230 247 263 265 286 267 262 281 307 259 293 317 252 264 187 256 322 195 241 315 196 237 326 185 240 322 196 239 
243 263 266 255 220 260 267 176 254 269 159 257 253 200 244 289 206 235 315 202 238 319 197 241 270 205 270 282 206 245 318 196 242 324 187 242 239 263 260 211 283 237 176 317 237 175 317 242 247 263 265 286 268 262 281 307 259 293 317 252 264 187 256 325 194 241 318 193 239 327 177 241 326 192 239 
243 263 266 255 220 260 266 176 254 269 159 257 253 200 244 289 205 236 316 201 238 320 196 241 270 205 270 280 204 245 317 196 242 324 189 241 239 263 260 211 283 237 176 317 237 188 329 230 247 262 265 286 267 262 281 307 259 293 318 252 263 187 256 326 193 240 321 191 241 326 178 241 325 194 239 
243 262 266 254 219 260 266 174 254 268 157 257 253 198 244 289 204 236 316 198 239 321 195 241 269 204 270 279 203 245 316 198 239 322 193 241 239 262 260 210 283 238 176 317 237 188 328 230 247 262 265 286 268 262 281 307 259 293 318 252 263 186 256 329 191 241 322 191 240 328 185 239 324 196 239 
243 262 266 254 218 260 265 174 254 268 157 257 253 198 244 289 203 236 316 198 239 321 195 240 269 203 270 279 202 245 316 198 239 323 193 240 239 262 260 210 282 238 177 317 237 188 329 230 247 261 265 286 267 262 281 307 259 293 317 252 262 185 256 328 193 240 323 191 240 329 185 239 324 195 239 
243 261 266 254 218 260 265 174 254 267 157 257 252 198 244 289 202 236 316 198 239 321 195 240 268 203 270 279 201 245 316 193 242 327 186 241 239 262 260 210 282 238 177 318 237 188 329 230 247 261 265 286 267 262 281 307 259 293 318 252 262 185 256 328 193 240 323 191 239 328 180 240 326 191 239 
248 262 266 255 218 260 265 174 254 267 156 257 252 198 244 289 201 236 317 198 237 318 196 239 268 203 270 279 201 245 316 194 241 327 185 241 244 262 261 212 280 240 180 315 239 191 326 232 253 261 265 291 268 262 281 307 259 293 317 252 262 185 256 323 194 240 315 194 235 330 176 240 330 184 237 
249 261 266 255 218 260 264 173 254 266 156 257 252 198 244 289 200 236 317 198 237 324 194 240 268 203 270 279 201 245 316 195 241 326 188 240 244 262 260 212 279 240 179 315 239 191 325 232 253 261 265 291 268 262 281 307 259 293 317 252 262 185 256 331 193 240 329 189 238 331 180 239 331 179 237 
249 261 266 255 218 260 264 173 254 265 156 257 252 197 244 290 199 236 318 198 237 324 193 240 268 202 270 279 200 245 316 194 241 325 188 240 244 262 260 212 279 241 179 315 239 191 325 233 253 261 265 291 268 261 281 307 258 293 317 252 262 184 256 332 192 239 325 191 239 331 179 240 332 178 238 
249 261 266 256 217 260 264 173 254 265 156 257 252 197 244 289 197 236 317 198 237 324 193 239 267 202 270 279 200 245 316 194 241 330 186 240 244 262 260 212 279 241 179 315 239 191 325 233 253 261 264 291 268 261 281 307 258 293 317 252 262 184 256 332 193 239 326 190 239 332 180 240 331 177 240 
249 261 266 256 217 260 263 172 254 264 155 257 252 196 243 290 197 236 318 195 238 323 194 239 267 202 270 280 194 246 318 192 241 328 187 240 245 262 260 212 279 241 179 315 239 191 325 233 253 261 264 291 268 261 281 307 258 294 317 252 261 184 256 331 191 239 318 192 235 333 180 238 333 178 237 
249 261 265 256 217 260 263 172 254 264 155 256 255 192 242 289 196 237 317 195 238 324 193 239 267 202 270 288 198 248 325 192 240 331 187 240 245 261 260 212 279 241 179 314 239 192 324 233 253 260 264 291 268 261 281 307 258 294 317 252 261 184 256 333 190 239 321 191 236 335 181 238 332 179 239 
249 260 265 256 217 260 263 172 254 263 155 256 255 192 242 289 195 237 317 195 238 324 193 239 266 202 270 287 198 248 324 193 240 331 188 240 246 261 260 212 279 241 180 314 239 192 324 233 253 260 264 291 268 261 281 307 258 294 317 252 261 183 255 334 190 239 324 192 239 336 179 237 326 189 237 
249 260 265 256 217 260 263 172 254 262 155 256 255 192 242 289 195 237 320 193 238 326 192 239 266 202 270 300 202 271 319 195 248 332 187 240 246 261 260 212 279 241 179 314 239 192 324 233 253 260 264 291 268 261 281 307 258 294 316 252 261 183 255 333 190 239 329 188 239 336 180 237 333 179 239 
249 260 265 255 217 260 262 172 254 262 155 256 255 192 242 289 194 237 319 193 238 325 192 239 266 201 270 299 202 271 318 195 248 332 187 240 246 260 260 213 279 241 180 314 239 193 324 233 253 260 264 291 268 261 282 307 258 294 316 252 260 183 255 333 190 238 319 190 235 336 182 237 334 179 239 
249 260 265 255 217 260 261 172 254 261 154 256 254 192 242 289 194 237 317 194 238 326 191 239 265 201 270 298 201 271 318 195 248 332 187 240 246 260 260 213 278 241 183 312 239 195 322 234 253 260 264 291 268 261 282 307 258 294 316 253 260 183 255 334 190 239 329 187 239 335 180 239 334 179 238 
249 260 265 255 216 260 260 171 254 260 154 256 253 193 242 288 193 237 317 192 238 326 191 240 264 201 270 298 201 271 318 195 248 331 187 240 246 261 260 213 279 240 182 314 239 195 323 234 252 260 263 290 268 261 282 307 258 295 316 253 259 183 255 334 188 238 333 187 237 335 181 239 334 178 239 
249 260 265 254 216 260 260 171 254 258 154 256 253 192 242 285 192 237 313 192 237 324 190 239 264 201 270 297 200 271 317 194 249 331 186 240 246 260 260 213 279 240 181 315 239 194 325 234 252 260 263 290 268 261 281 307 258 294 316 253 259 182 255 332 188 239 333 187 237 335 180 239 334 178 239 
249 259 264 254 215 260 259 171 253 257 153 256 251 184 242 285 192 238 313 191 238 323 189 240 262 200 270 296 200 271 317 193 249 331 185 240 246 259 260 213 279 240 182 315 239 194 325 233 251 259 263 289 268 261 281 307 258 294 316 252 257 182 255 332 187 239 333 186 237 335 181 237 334 179 239 
248 259 264 253 215 259 257 170 254 256 153 256 250 184 242 283 190 238 312 190 238 322 188 240 261 200 270 294 196 265 321 186 246 330 184 241 245 259 259 213 279 240 182 315 239 195 325 233 251 259 263 289 268 261 281 307 258 294 316 252 256 182 255 331 186 239 316 186 236 337 178 238 334 177 239 
248 258 264 252 214 259 256 170 253 255 152 256 246 190 243 275 188 237 306 188 238 314 188 239 276 198 272 300 198 272 317 190 249 329 183 241 244 258 260 214 279 239 182 315 239 192 325 231 253 258 263 290 269 261 281 307 258 293 317 250 255 181 255 324 187 240 316 185 236 336 176 238 335 174 240 
248 258 264 251 214 259 254 169 253 252 152 256 245 190 243 275 187 238 306 188 238 317 186 240 275 197 271 300 197 273 316 190 249 328 183 241 243 258 259 213 279 239 181 315 239 191 325 230 253 257 263 290 270 261 281 308 258 292 318 249 254 180 255 326 185 241 326 182 240 334 175 239 334 174 240 
248 257 264 250 213 259 252 168 253 251 151 256 244 190 243 274 186 238 302 187 239 309 186 240 274 197 271 299 197 273 309 189 248 326 182 241 242 257 259 213 279 238 181 314 238 191 325 230 253 257 263 289 270 261 280 308 258 292 318 249 252 180 255 319 185 241 306 182 236 333 176 240 332 175 240 
247 257 264 249 212 259 250 167 253 249 150 256 243 190 243 277 185 238 304 186 239 313 184 241 273 196 272 297 195 274 315 187 251 325 181 242 242 257 259 213 279 238 181 314 238 192 325 230 252 256 263 289 270 261 280 308 258 292 318 250 250 179 255 322 184 242 311 181 238 331 175 240 333 172 241 
247 256 264 248 212 259 249 167 253 247 149 256 243 188 242 270 183 238 304 184 240 314 182 241 271 195 272 295 195 274 306 186 249 321 181 242 242 257 259 213 279 238 182 314 238 192 324 230 252 256 262 288 271 261 279 308 258 291 318 250 249 178 255 324 181 241 316 180 241 328 177 238 328 175 240 
246 255 264 246 211 259 247 166 253 244 149 255 240 183 241 270 183 238 303 184 240 313 181 241 268 194 271 292 194 274 312 185 252 321 179 242 240 255 259 214 278 237 182 314 238 193 324 230 251 254 263 286 271 261 279 308 258 291 318 250 246 177 254 323 180 241 319 178 238 327 176 239 328 173 240 
245 254 264 245 210 259 245 165 253 242 148 255 240 183 241 271 182 238 302 182 239 312 179 241 267 194 272 291 192 275 311 185 253 319 178 242 240 255 259 213 278 237 182 314 238 193 324 230 250 254 263 285 271 260 278 308 258 281 322 251 245 176 254 322 177 241 321 176 239 324 175 240 324 174 241 
244 253 264 244 209 259 243 164 252 241 147 255 238 183 241 271 181 238 302 180 239 312 178 241 263 189 270 286 192 274 303 183 251 316 177 242 239 254 259 213 278 236 182 314 238 193 324 230 250 253 263 284 271 260 277 308 258 282 321 252 243 176 254 321 174 241 314 176 238 322 174 241 322 175 242 
244 253 264 242 209 259 241 163 252 237 146 255 236 181 240 270 180 237 302 179 239 311 176 241 262 190 270 285 191 274 301 183 251 315 175 242 239 253 259 212 278 236 182 314 238 193 324 230 248 252 263 282 272 260 277 308 258 281 321 252 241 175 254 320 174 241 311 174 239 321 172 241 322 172 241 
243 252 264 241 208 259 239 163 252 236 145 255 234 183 240 269 179 237 302 177 239 310 175 242 260 189 270 283 191 274 300 182 251 314 174 242 238 253 259 212 278 236 182 314 238 193 324 230 248 252 263 281 273 260 276 308 258 282 320 252 239 174 254 318 172 242 313 172 239 321 170 242 321 172 242 
242 252 264 239 207 259 237 162 252 233 145 255 230 180 240 263 177 237 294 174 238 304 173 240 258 189 270 282 189 274 299 181 251 314 172 242 237 253 259 211 278 235 182 314 238 193 324 230 247 251 263 279 273 260 274 308 258 283 318 253 237 173 254 314 171 240 311 170 238 321 168 242 320 170 242 
241 251 264 238 207 258 235 161 252 232 144 254 227 179 240 265 175 236 298 173 238 308 171 241 253 188 269 276 189 273 300 187 275 303 185 275 236 252 259 210 278 234 185 317 236 197 327 229 246 250 263 277 273 259 273 308 258 282 318 253 235 172 254 317 170 243 314 168 238 310 181 276 305 182 274 
240 251 264 236 206 258 232 160 251 229 143 254 222 187 240 259 176 236 296 172 238 307 170 241 252 188 269 276 188 273 300 187 275 302 184 274 235 252 259 209 278 234 184 317 237 195 327 228 245 249 263 275 274 259 271 308 258 281 317 253 233 172 253 316 168 243 310 167 237 308 182 277 304 182 274 
238 250 264 234 205 258 230 160 251 227 142 254 222 178 239 260 173 235 296 170 237 305 169 240 248 186 268 272 187 273 297 186 275 300 184 274 234 252 259 203 280 233 181 318 236 192 327 229 243 248 262 273 273 259 270 308 258 278 319 253 231 171 253 315 167 241 308 165 236 305 182 275 302 182 273 
237 249 263 233 205 258 228 159 250 226 141 253 221 178 238 259 173 235 295 170 237 305 168 240 247 185 267 271 187 272 295 185 275 297 184 274 233 251 258 202 281 233 180 318 236 192 327 229 242 247 262 270 274 259 267 308 258 278 316 253 229 170 252 312 166 240 312 164 236 304 181 275 305 181 274 
237 249 263 231 204 257 226 158 250 224 140 253 215 183 239 252 174 234 290 168 236 300 166 238 245 185 267 270 186 272 294 185 275 296 183 274 232 251 258 204 276 232 181 316 236 192 326 228 241 247 262 269 275 258 266 309 257 277 316 253 227 169 252 310 165 239 302 163 234 304 181 276 300 181 274 
234 252 259 229 204 255 224 157 250 222 140 253 219 176 236 258 170 232 286 165 233 293 166 236 243 184 266 270 186 272 294 184 274 294 183 273 232 253 254 203 276 232 180 317 235 192 326 228 236 250 257 266 274 258 263 309 257 275 314 253 225 169 251 304 164 238 294 164 231 301 181 274 289 182 271 
227 249 256 224 203 253 222 156 249 220 139 252 215 179 236 252 169 230 283 165 232 295 164 235 241 183 265 264 185 272 291 183 273 294 182 272 223 250 251 200 289 232 178 318 236 190 328 228 231 248 254 257 280 257 264 312 257 277 315 254 223 168 251 304 163 236 299 160 230 298 181 272 296 180 271 
226 248 256 223 202 253 220 155 249 219 138 252 213 178 236 250 167 229 280 163 231 289 162 233 238 182 264 262 184 270 286 183 272 294 181 272 221 249 250 200 289 232 178 318 235 190 328 228 230 248 254 257 280 257 266 312 257 278 315 254 221 167 250 299 163 235 291 159 228 301 180 274 298 181 272 
224 248 255 221 201 252 217 154 248 215 137 251 211 177 236 248 167 229 280 163 230 289 161 232 237 182 263 261 183 269 285 182 271 292 181 271 219 248 250 199 289 232 177 318 235 189 328 228 229 247 253 255 280 257 266 311 257 279 315 254 218 166 250 299 161 232 290 158 226 301 179 271 296 180 271 
222 246 254 218 200 252 215 154 248 214 136 251 208 176 235 242 165 226 280 161 229 288 160 230 236 181 263 259 183 269 284 182 271 291 181 270 217 246 248 198 289 232 177 319 235 189 328 227 227 246 254 252 280 257 266 311 257 279 315 253 216 165 249 297 159 230 290 156 225 299 179 270 290 182 270 
221 242 255 218 199 252 214 154 248 213 136 251 206 177 235 240 164 225 273 160 226 280 159 227 234 180 262 258 183 268 283 181 270 290 180 269 216 242 244 197 289 231 177 319 235 188 328 227 226 240 259 251 280 257 266 311 257 280 315 253 215 165 249 291 158 227 285 154 222 299 179 269 297 179 269 
218 244 254 216 199 251 212 153 247 212 136 250 204 178 235 237 164 224 272 158 225 281 157 225 232 180 262 256 183 267 281 179 267 290 179 268 212 246 247 196 289 231 176 319 234 188 328 226 222 244 255 248 280 256 266 312 257 280 315 253 213 165 249 290 157 224 281 153 220 299 179 269 294 180 268 
215 244 253 213 199 250 211 153 247 211 135 250 201 179 235 233 163 223 270 157 223 278 156 223 230 179 260 254 182 266 279 180 268 288 179 267 209 245 245 195 289 231 175 320 234 186 330 226 221 244 254 246 280 256 266 312 257 279 315 253 212 164 248 289 155 223 280 152 219 297 178 268 292 180 269 
214 244 252 212 198 250 209 153 247 208 135 250 200 179 235 230 163 222 267 156 221 275 155 221 229 179 260 254 182 265 278 180 267 288 178 265 208 244 245 194 289 230 174 320 234 186 330 226 220 244 254 243 276 255 267 312 257 280 315 252 210 164 248 285 155 221 275 150 215 297 177 265 291 179 266 
213 244 252 211 199 250 208 153 246 207 136 250 197 180 235 226 163 221 265 154 219 271 153 219 228 179 260 253 181 265 278 180 266 287 178 264 207 245 245 193 289 230 177 320 233 188 330 225 219 244 254 242 281 255 266 312 257 279 314 252 209 165 247 282 153 217 272 149 214 296 176 264 293 177 264 
212 244 252 209 198 249 206 152 246 206 134 249 195 180 234 223 162 220 257 153 216 267 152 216 227 179 259 261 180 263 286 178 266 293 176 262 205 245 244 193 289 230 175 321 233 185 331 225 218 244 253 242 281 255 265 312 256 278 314 252 206 164 247 278 151 215 266 148 211 299 176 263 297 177 262 
211 244 252 208 199 249 204 154 245 204 136 249 194 180 234 219 161 219 250 152 214 261 151 214 227 179 259 252 181 262 278 179 264 287 176 261 204 245 245 192 289 230 175 321 234 185 331 225 217 244 253 239 280 254 264 312 256 277 314 251 205 165 247 273 151 213 260 146 209 296 176 261 292 177 262 
210 244 252 207 200 249 203 155 245 204 138 249 193 181 234 213 160 216 248 152 213 257 150 212 226 179 258 252 180 262 277 178 262 287 176 259 203 245 245 191 289 230 174 321 234 184 331 225 217 244 253 238 280 254 264 312 256 277 314 251 204 167 246 269 149 210 254 146 207 297 175 259 293 176 259 
210 244 252 206 200 249 202 156 245 202 138 249 191 182 234 211 160 217 251 150 210 260 147 209 225 179 257 251 180 261 277 178 260 287 175 257 203 245 245 190 289 229 174 321 233 184 331 224 216 244 253 238 280 254 264 312 256 277 314 250 203 167 246 266 148 207 258 144 205 296 174 256 294 175 258 
209 245 252 205 201 249 202 157 245 201 138 248 190 182 234 206 160 215 247 150 209 255 146 207 225 179 257 252 179 260 278 177 258 287 175 255 202 245 245 189 290 229 174 320 233 184 331 224 216 244 253 237 280 254 264 312 256 276 314 250 203 168 246 262 147 205 253 142 202 297 174 255 294 175 255 
208 245 252 205 201 249 202 157 245 201 138 248 190 182 234 204 160 214 236 149 207 244 147 206 224 179 256 251 179 259 277 177 257 288 174 253 201 245 245 188 290 229 174 320 233 183 331 224 215 244 253 237 280 254 263 312 256 276 314 250 203 168 246 256 145 202 239 142 201 297 173 252 294 174 253 
207 245 252 204 202 249 200 160 244 199 138 248 189 181 234 191 162 217 223 149 206 235 146 204 224 179 255 251 179 257 277 177 256 287 174 252 200 245 245 188 290 229 174 320 233 183 330 227 214 244 252 237 280 253 263 312 256 275 314 249 201 170 245 244 140 199 234 141 199 297 173 250 293 174 253 
207 245 252 204 202 249 200 160 244 199 138 247 189 181 234 190 161 216 222 149 205 233 145 203 223 179 255 251 178 256 278 176 254 287 173 250 199 245 245 187 290 229 173 320 233 183 330 227 214 244 252 236 280 253 262 311 256 274 314 249 201 170 245 244 141 198 228 141 198 297 172 249 294 174 251 
206 245 251 203 202 248 200 160 244 198 137 247 189 181 235 187 161 215 222 147 203 232 144 200 223 179 254 251 179 255 278 175 252 288 173 248 199 245 245 186 291 229 173 321 234 183 330 227 213 244 252 236 281 253 255 312 254 272 314 249 201 171 246 241 141 195 226 139 196 297 171 245 296 173 247 
206 245 251 203 202 248 200 160 244 198 137 247 189 181 235 183 161 215 210 148 203 221 144 200 222 179 253 251 178 254 277 175 250 288 172 246 198 245 245 185 290 229 173 320 233 183 330 227 213 244 251 236 281 252 255 312 254 273 315 248 201 171 245 229 139 195 218 139 195 297 171 243 293 173 247 
205 244 251 202 202 248 199 161 244 198 138 247 186 181 235 182 161 215 200 148 202 210 143 200 222 179 253 251 178 253 277 174 247 288 172 244 197 245 245 185 290 228 173 320 233 183 329 227 212 244 251 235 281 252 261 311 254 273 315 248 200 171 245 218 137 193 208 140 196 297 171 241 292 173 245 
205 244 251 202 202 248 199 161 244 198 138 246 186 181 235 180 161 214 202 147 201 211 142 197 222 178 252 251 178 251 277 174 245 287 172 242 197 245 245 184 290 228 172 321 233 182 329 227 212 244 251 235 281 252 261 311 254 273 316 247 200 171 245 221 137 191 218 149 198 296 170 239 292 173 243 
204 244 251 202 202 248 199 161 244 197 138 246 186 181 235 178 160 213 201 146 200 209 141 196 222 178 251 249 178 250 274 173 244 283 172 241 196 245 245 183 290 228 172 321 233 182 329 226 212 243 250 234 281 251 261 311 254 272 316 247 200 171 245 218 138 190 214 148 197 292 169 237 286 174 242 
204 244 250 201 202 248 197 161 244 197 140 245 181 181 235 176 160 212 200 144 198 205 140 195 221 178 250 248 179 250 274 173 243 283 172 240 196 244 244 183 289 228 172 321 233 182 329 226 212 243 250 234 281 251 262 311 254 272 317 246 198 171 245 212 137 188 210 147 197 291 168 235 290 172 240 
204 244 250 200 202 247 196 160 243 198 141 245 181 180 235 176 159 211 198 143 197 200 137 193 221 178 249 248 179 249 273 173 241 284 170 237 195 244 244 183 289 228 172 321 233 181 329 226 212 243 249 234 281 251 262 311 254 272 318 245 197 171 245 207 137 189 205 140 192 293 168 232 289 171 237 
203 244 250 200 202 247 196 160 243 199 142 245 179 180 235 168 159 212 186 143 196 192 139 194 221 178 249 248 178 247 273 173 240 280 171 237 195 244 244 182 289 228 172 321 233 181 329 226 211 243 249 234 281 250 262 311 254 272 318 245 197 171 245 198 135 188 199 146 198 288 168 231 284 172 236 
203 244 250 200 202 247 197 160 244 200 143 245 180 180 235 163 164 219 178 145 198 185 139 193 221 178 249 248 176 245 274 172 237 280 170 234 195 244 244 182 289 228 171 321 233 181 329 226 211 243 249 234 282 250 262 311 253 272 319 245 198 171 245 191 133 187 194 145 196 290 169 231 287 171 232 
203 243 250 200 202 247 197 160 244 200 142 245 178 179 235 163 160 214 176 144 198 181 139 193 221 178 248 250 177 244 275 171 235 281 168 231 194 244 244 182 289 228 171 321 233 181 329 226 211 243 249 234 282 249 262 310 253 272 319 245 198 171 245 187 133 185 190 144 195 290 165 225 285 171 231 
203 243 250 200 202 247 197 160 244 200 142 244 179 179 235 162 161 215 173 145 199 176 139 193 221 178 248 250 177 243 274 171 234 286 167 226 194 244 244 181 289 229 171 321 233 181 329 225 212 243 248 234 282 249 262 310 253 272 319 246 198 171 245 179 132 185 184 145 194 295 165 220 290 168 227 
203 243 249 200 202 247 198 160 244 200 142 244 178 178 236 158 162 216 168 145 199 171 138 193 222 177 247 249 177 242 272 170 232 282 167 227 194 243 244 181 288 229 171 321 232 180 331 225 212 243 248 235 282 248 262 310 252 272 320 246 198 171 245 176 133 185 180 144 193 291 164 219 288 167 224 
203 243 249 200 202 247 198 160 244 200 141 244 178 178 236 157 163 218 163 145 200 166 138 193 223 177 246 251 175 240 274 168 229 279 167 226 194 243 244 181 288 229 171 321 232 179 332 225 212 243 248 235 282 248 263 310 252 272 320 246 198 171 245 171 133 186 175 144 192 288 163 219 288 166 222 
204 243 249 201 201 247 198 160 244 201 140 244 179 178 236 156 163 219 161 145 200 162 138 194 224 177 246 251 175 240 277 168 225 285 164 219 194 243 244 181 288 229 171 321 232 179 332 225 213 242 248 236 283 248 263 310 252 272 320 246 199 170 245 166 132 185 172 144 192 293 162 213 289 166 219 
204 243 249 201 201 247 198 160 244 201 140 244 179 176 236 156 163 220 159 146 201 159 138 194 225 177 245 252 175 238 277 167 223 285 164 217 195 243 244 181 289 229 171 322 232 178 332 224 213 242 247 236 283 247 263 310 252 267 321 239 199 170 245 161 132 186 168 144 193 294 161 210 288 166 218 
205 242 249 202 201 247 200 160 244 202 139 244 179 176 237 156 163 221 157 146 201 155 138 195 226 177 244 254 174 236 275 166 222 283 163 216 195 243 244 181 289 229 171 322 232 178 332 224 214 242 247 238 284 246 255 311 250 269 316 247 200 170 245 157 132 186 165 143 193 291 161 210 289 164 215 
205 242 249 203 201 247 201 159 244 203 139 244 179 175 237 156 163 221 150 145 204 153 138 195 226 177 244 254 173 236 276 165 219 284 161 212 196 242 244 181 289 229 171 322 232 178 332 224 215 242 247 239 284 246 255 312 250 268 316 248 202 170 245 152 131 187 162 144 194 292 159 206 290 163 212 
207 242 248 205 200 247 203 159 244 205 138 244 180 176 237 156 163 223 151 146 203 151 139 196 226 176 244 254 172 235 277 165 218 284 161 211 197 242 244 181 289 230 171 322 232 178 332 224 216 242 246 240 284 245 255 312 250 268 316 248 203 169 245 149 131 188 161 144 195 294 159 204 276 161 206 
208 241 248 207 200 246 205 158 244 207 138 243 182 174 238 157 164 224 151 146 204 149 139 197 231 175 243 256 172 234 277 165 218 284 160 209 198 242 244 181 289 230 171 322 232 178 332 223 218 241 246 241 284 245 256 312 249 268 316 247 205 169 245 146 132 189 158 144 195 292 158 203 276 160 206 
210 241 248 209 199 247 207 158 244 208 137 244 183 174 239 158 164 225 150 146 204 147 140 198 232 175 243 257 171 233 277 164 216 284 159 208 200 241 244 182 289 230 171 322 232 178 332 223 219 241 246 242 285 244 257 313 249 269 316 248 208 168 245 144 133 190 156 145 197 292 157 202 277 160 205 
211 241 248 210 199 247 209 158 244 211 137 244 185 174 239 158 165 226 150 148 205 146 141 199 234 175 242 259 171 232 277 163 214 284 158 206 202 241 244 183 289 231 172 322 232 179 332 224 221 241 245 243 285 243 257 313 249 270 316 247 209 168 245 143 134 191 155 146 197 292 155 199 277 158 203 
213 240 248 212 199 246 212 158 244 213 136 243 187 173 240 159 165 226 150 148 206 145 142 201 236 175 242 260 170 231 277 163 214 284 158 205 203 241 244 183 289 231 172 322 232 179 332 224 223 240 245 245 286 243 258 313 249 271 316 248 212 168 245 141 135 193 154 147 198 290 154 198 279 157 203 
215 240 248 214 199 246 213 157 244 215 136 243 189 173 240 162 166 228 150 151 210 145 144 203 238 174 241 262 169 230 278 163 214 285 157 204 205 240 244 184 288 232 172 322 232 177 336 227 224 240 245 246 286 242 260 314 248 272 315 248 214 168 245 143 138 195 153 149 201 291 154 198 280 155 201 
217 240 247 217 198 246 218 157 244 218 136 243 192 173 241 164 166 229 156 154 208 146 145 203 241 174 241 264 168 230 282 159 207 285 155 201 207 240 244 185 288 232 173 321 233 174 337 228 227 240 245 247 287 241 261 314 248 273 315 248 218 167 245 139 137 195 154 148 200 292 152 192 275 156 197 
222 239 247 222 198 246 222 157 244 224 135 244 199 172 242 170 168 232 152 152 213 146 146 206 247 173 241 269 166 228 282 159 207 285 154 200 212 239 244 188 287 233 174 321 233 169 333 220 231 240 244 250 287 240 261 315 247 273 316 247 222 167 245 139 139 198 154 149 203 290 150 190 275 155 196 
223 239 247 224 198 246 225 157 244 226 134 244 200 172 242 171 168 232 153 153 214 147 147 208 247 173 241 271 167 228 282 158 206 285 153 199 214 239 244 189 287 234 175 320 234 170 334 227 233 239 244 251 287 240 262 315 246 274 316 248 225 167 245 139 139 200 154 150 205 291 149 190 275 155 195 
226 239 247 227 198 246 228 156 244 229 134 244 204 172 242 173 168 233 154 154 215 147 147 209 251 173 240 273 167 227 283 158 206 286 153 198 216 239 244 191 287 235 176 319 234 169 333 227 236 240 244 252 287 239 265 315 246 265 326 233 228 167 245 139 139 201 151 146 207 290 148 190 276 154 195 
228 240 248 230 198 247 231 156 244 231 134 244 206 172 242 177 170 234 157 156 217 150 149 210 254 173 240 276 167 227 283 158 206 286 152 198 219 240 244 193 286 235 177 318 235 172 330 222 238 240 244 254 287 239 265 315 245 264 327 233 231 167 245 141 142 203 157 152 208 291 148 190 278 153 196 
231 239 248 232 198 247 233 156 245 234 134 244 209 172 242 178 170 235 158 156 217 151 150 211 256 173 240 278 167 227 283 157 205 286 152 198 221 239 245 196 286 236 179 318 235 174 330 223 241 239 244 255 287 238 266 315 245 265 327 232 233 167 245 143 144 205 159 153 209 290 148 189 277 153 195 
241 239 248 243 197 247 244 156 245 245 134 244 221 173 244 191 174 239 169 163 224 159 157 217 267 173 241 286 166 225 287 156 204 287 150 197 231 239 246 204 283 239 185 314 237 180 326 224 250 239 244 259 286 237 265 316 243 263 328 231 244 166 246 152 151 211 163 159 213 286 145 188 279 151 195 
242 239 248 244 197 247 246 156 245 246 134 244 222 173 244 193 175 240 169 163 224 160 158 218 269 173 241 287 166 225 287 156 204 287 150 197 232 239 246 206 283 240 187 314 237 182 326 225 252 239 244 260 286 237 264 316 243 263 328 230 246 166 246 151 152 212 166 160 214 285 145 188 279 152 195 
245 239 249 247 197 248 249 156 245 249 134 245 225 173 244 196 175 240 172 166 226 167 163 221 271 173 240 290 166 225 292 151 199 288 149 196 235 239 246 212 280 241 189 313 238 184 325 225 254 239 245 262 285 237 265 317 242 263 328 230 248 166 246 159 157 215 167 162 215 286 144 188 282 151 196 
247 239 249 249 197 248 252 156 246 252 134 245 228 173 245 200 177 242 176 168 228 170 165 224 273 173 240 295 166 222 293 154 203 288 149 197 237 239 247 213 281 241 191 314 238 186 325 225 256 239 245 264 284 237 266 316 242 264 328 229 251 166 246 161 160 216 169 164 217 286 144 189 280 150 195 
249 239 249 252 197 248 254 156 246 254 134 245 231 173 245 203 177 242 179 170 228 172 167 224 275 173 240 295 164 220 293 153 201 288 149 196 240 238 247 215 281 242 193 313 238 188 325 226 259 239 245 266 284 236 267 316 242 256 321 233 254 166 247 162 162 217 171 166 219 284 144 188 281 151 196 
251 238 250 254 197 248 257 156 246 256 134 245 233 173 246 205 178 242 180 172 229 173 169 224 279 173 241 295 164 220 290 155 204 288 149 197 242 238 247 216 281 242 195 314 238 189 325 226 261 239 245 267 284 236 268 316 241 256 322 234 256 166 247 164 165 219 172 170 219 283 145 188 281 152 196 
254 238 250 257 197 249 260 156 246 259 134 245 235 173 246 207 178 243 182 172 230 174 171 224 281 172 241 296 164 223 293 150 198 289 149 196 244 238 248 218 281 243 197 314 238 191 325 226 263 238 246 268 283 236 269 316 241 275 324 242 259 166 247 164 168 219 173 173 221 283 144 188 280 151 196 
255 238 250 259 197 249 262 156 246 261 134 246 237 173 246 209 178 243 184 174 230 175 173 225 282 172 241 300 163 216 295 151 198 288 149 196 246 238 248 220 281 243 199 314 239 194 326 226 265 238 246 270 283 236 270 315 241 267 327 228 261 166 247 165 171 220 175 175 221 283 145 188 281 152 197 
257 238 250 260 197 249 263 156 246 262 134 246 239 173 246 210 179 243 185 176 230 175 176 224 283 172 241 301 165 221 294 150 197 289 150 197 248 238 248 223 281 243 204 312 239 187 322 232 267 238 246 271 283 236 270 315 241 268 327 228 263 166 247 165 173 221 176 178 221 283 145 189 282 152 197 
260 238 251 263 197 249 266 156 247 265 134 246 243 174 247 214 180 243 186 181 230 175 181 225 287 173 241 305 164 216 294 151 200 288 150 198 250 237 249 226 278 244 205 312 239 188 322 232 269 238 246 272 283 236 270 315 241 268 327 228 265 166 247 165 180 221 168 179 219 281 146 189 280 153 198 
261 237 251 264 196 249 268 155 247 267 134 246 244 173 247 218 183 245 193 184 232 187 184 230 288 173 241 305 164 216 294 151 200 288 150 198 251 237 249 227 278 244 211 310 240 213 325 235 270 238 247 273 283 236 270 315 241 268 327 228 267 166 247 178 185 225 182 186 224 281 146 189 279 153 198 
262 237 251 265 196 249 269 156 247 268 134 246 245 173 247 219 183 245 194 185 233 187 187 229 289 173 241 306 164 216 294 151 200 288 150 198 252 237 249 227 277 243 212 310 240 213 325 235 271 237 247 274 282 236 271 315 240 269 327 228 268 166 248 177 187 224 184 190 225 281 146 190 279 153 200 
263 237 251 266 196 249 269 156 247 269 134 246 247 174 247 220 183 244 195 186 233 180 190 227 289 173 241 305 166 222 297 154 204 288 150 199 253 237 249 228 279 243 212 311 240 206 322 227 272 238 247 274 282 236 271 315 240 268 327 228 268 166 248 169 191 224 171 189 221 281 146 191 280 153 201 
263 237 251 267 197 250 271 156 247 270 134 246 248 174 247 220 184 244 187 193 229 181 193 227 291 173 242 307 164 217 294 152 201 289 151 199 254 237 249 228 278 243 212 311 240 207 323 227 273 238 247 275 282 237 271 315 240 269 327 228 270 166 248 170 195 224 172 193 221 281 147 192 281 153 201 
264 237 251 268 197 250 271 156 247 270 134 247 249 174 248 223 184 244 196 194 232 186 196 228 291 173 242 309 166 220 297 154 204 289 151 200 255 237 249 229 278 242 212 312 239 207 323 227 274 238 247 275 282 237 272 315 240 265 325 241 270 166 248 176 197 226 189 197 225 282 146 192 280 153 202 
265 237 251 269 197 250 273 156 247 272 134 247 250 174 248 224 185 244 197 195 232 188 198 229 293 173 242 309 166 220 296 154 204 289 151 201 255 237 250 229 277 242 213 312 239 208 323 227 274 238 247 276 282 237 272 315 241 264 324 240 272 166 248 178 201 226 187 197 225 282 146 193 281 153 203 
265 237 251 269 197 250 274 156 248 272 134 247 250 174 248 226 187 245 203 197 234 190 201 229 294 173 242 309 166 220 296 154 204 289 151 201 256 237 250 230 277 242 215 312 239 210 323 226 275 238 247 276 282 237 272 315 241 263 324 240 273 167 248 180 204 227 193 203 225 281 146 193 281 153 203 
266 238 252 270 197 250 274 157 248 273 134 247 251 174 248 227 187 245 203 198 234 191 204 230 294 173 242 309 166 220 296 153 204 288 151 202 257 237 250 230 276 241 216 312 238 211 323 226 275 238 247 276 282 237 272 315 241 263 324 239 273 167 249 181 208 227 183 205 225 279 147 195 280 153 204 
266 238 252 271 197 250 276 157 248 274 134 247 252 175 248 228 188 245 205 200 235 193 206 230 295 174 242 309 166 220 295 153 204 288 151 203 257 237 250 230 276 241 221 312 238 210 321 235 276 238 247 277 282 237 273 315 241 262 324 239 275 167 249 183 212 227 198 206 227 279 147 196 279 153 205 
267 238 252 272 197 250 277 157 248 274 134 248 252 175 248 229 189 245 206 201 235 205 204 233 296 174 242 308 166 220 294 154 205 287 151 203 257 237 250 231 276 240 221 312 238 211 321 236 276 238 247 277 282 237 272 315 241 262 324 239 276 167 249 197 209 228 207 199 232 277 147 196 278 153 205 
267 238 252 272 198 250 278 158 248 275 134 248 252 175 248 229 189 245 208 206 234 204 207 232 296 174 243 308 166 220 294 153 205 286 151 204 258 237 250 231 276 240 223 312 239 213 322 237 277 238 247 277 283 237 273 315 241 262 324 239 276 168 249 195 212 229 202 208 228 276 147 197 278 153 205 
267 238 252 273 198 250 278 158 248 275 134 248 253 175 248 230 191 244 211 208 235 205 210 232 296 174 243 308 166 220 294 153 205 286 151 204 258 237 250 231 275 239 224 312 239 213 320 234 277 239 247 277 283 237 273 315 241 262 323 238 277 168 249 196 216 228 204 214 228 276 146 198 278 153 206 
268 238 252 273 198 250 279 158 248 276 135 248 253 175 249 232 192 245 211 207 235 204 214 231 296 175 243 308 166 220 294 153 205 285 151 205 258 237 250 231 275 239 226 312 240 214 319 234 277 239 247 278 283 237 273 315 241 262 323 238 277 168 249 195 221 228 207 215 228 276 147 198 277 153 207 
268 238 252 273 198 250 279 158 248 276 135 248 254 175 249 232 193 245 213 209 235 206 216 231 297 175 243 308 166 220 293 153 205 285 151 205 258 237 250 231 275 239 229 312 242 225 324 229 277 239 247 278 283 237 273 315 241 261 323 238 278 168 249 197 224 227 199 221 226 276 147 199 276 153 207 
268 238 251 273 198 250 279 159 248 276 135 249 254 175 249 233 194 245 215 212 235 208 219 231 297 175 243 307 165 219 288 153 206 283 151 206 258 238 250 232 275 239 236 314 245 232 325 233 278 239 247 278 283 237 273 316 241 261 323 238 278 169 249 198 227 227 201 224 225 274 147 200 274 153 208 
268 238 251 274 198 250 279 158 248 276 135 249 254 176 249 234 195 245 217 213 235 209 222 230 297 175 243 307 165 219 288 152 206 283 151 206 259 238 250 232 275 239 236 313 245 232 325 233 278 239 246 278 283 237 273 316 241 261 324 237 278 168 249 200 230 226 202 227 225 274 147 200 274 153 208 
268 238 251 274 198 250 279 158 248 277 135 249 254 176 249 235 196 244 217 214 234 211 224 230 297 175 243 307 165 219 291 156 210 282 151 206 259 238 250 233 275 239 238 313 245 234 324 233 278 239 246 278 283 237 273 316 241 265 325 240 278 168 249 204 232 227 206 228 225 272 147 200 273 153 209 
268 239 251 274 198 250 279 158 248 277 135 249 255 176 249 235 197 244 219 216 234 215 225 230 297 175 243 306 165 219 284 152 207 276 151 206 259 238 250 233 275 239 241 311 245 237 323 233 278 239 246 278 283 237 273 316 241 265 325 240 278 168 249 207 234 227 208 231 225 266 147 198 270 154 208 
269 239 251 274 198 250 279 159 248 277 135 249 255 176 249 236 201 244 219 219 232 217 225 230 297 175 243 306 165 219 285 152 207 275 151 206 259 238 250 234 275 239 242 311 245 238 322 233 278 240 246 278 283 237 273 316 240 261 322 238 278 169 249 210 235 228 211 234 226 265 147 199 268 154 208 
269 239 251 274 198 250 279 159 248 277 135 249 255 176 249 236 201 243 222 221 232 220 226 230 297 175 243 306 165 219 284 152 208 275 151 206 259 238 250 235 275 239 244 310 245 240 321 245 278 240 246 278 283 237 273 316 240 261 322 238 278 169 249 212 236 225 212 236 224 266 147 199 269 154 209 
269 239 251 274 198 250 279 159 248 277 135 249 255 176 249 236 202 243 223 222 232 223 225 230 297 175 243 305 165 220 284 153 208 274 151 207 259 238 250 236 275 239 247 309 245 243 320 232 278 240 246 278 283 237 272 316 240 260 322 238 277 169 249 217 235 226 222 225 227 264 147 199 268 154 209 
269 239 251 274 198 250 279 159 248 277 135 249 255 176 249 237 202 243 225 223 231 224 232 230 297 175 243 302 164 219 280 152 207 274 151 207 260 238 250 237 275 239 247 309 245 244 320 232 278 240 246 278 284 236 272 316 240 262 324 240 277 169 249 219 239 226 221 234 225 263 147 200 269 153 208 
269 239 251 274 198 250 278 159 248 277 135 249 255 176 249 238 203 243 226 224 231 226 233 229 297 175 243 303 164 219 280 152 207 273 151 207 260 238 250 237 275 239 249 308 245 246 319 232 278 240 246 278 284 236 272 317 240 261 324 239 277 169 249 222 240 227 224 234 225 265 147 201 267 153 210 
269 239 251 274 198 250 278 159 248 277 135 249 255 176 249 239 204 243 227 224 231 228 235 230 297 176 243 303 164 219 279 152 208 273 151 208 260 238 250 239 279 239 250 309 245 247 320 232 278 240 246 278 284 236 272 316 241 259 323 238 277 169 249 224 242 226 226 233 226 263 147 201 267 153 210 
269 239 251 274 198 250 278 159 248 278 135 249 255 176 250 240 204 243 232 229 230 230 236 230 296 176 243 302 165 219 279 152 208 272 151 208 260 238 250 240 280 239 251 310 245 247 321 232 278 240 246 278 285 236 271 316 241 259 316 244 277 169 249 229 246 228 228 240 225 263 147 201 267 153 210 
269 239 251 274 198 250 278 159 249 278 135 249 255 176 250 241 205 243 234 235 230 233 242 231 296 177 243 301 164 219 278 151 208 272 151 208 260 238 250 240 280 239 252 310 244 249 321 232 278 240 246 278 285 236 271 316 241 260 317 244 277 169 249 230 245 227 231 238 226 263 147 201 267 153 211 
269 239 251 274 198 250 278 159 249 278 135 249 255 176 250 242 205 243 234 237 231 234 245 232 296 177 243 301 164 219 278 151 208 273 151 209 260 238 250 240 280 239 253 310 244 249 321 232 278 240 246 278 285 236 271 316 241 260 325 235 277 168 249 232 255 234 232 244 226 263 147 201 266 153 211 
269 239 251 273 198 250 278 158 249 278 135 249 255 176 250 242 205 243 236 235 230 237 241 231 296 177 244 301 165 219 274 153 209 272 151 209 259 238 250 240 280 239 253 310 244 250 321 232 278 240 246 278 285 236 271 316 241 259 324 236 277 168 249 235 242 227 236 237 226 262 147 202 266 153 212 
269 239 251 273 199 250 278 158 249 278 134 249 255 176 250 243 205 243 239 229 231 239 234 230 296 177 243 301 165 220 278 152 210 272 151 209 259 238 249 240 281 239 253 310 244 249 321 232 278 240 246 278 286 236 271 317 241 263 318 231 277 168 249 237 242 227 237 239 226 262 147 202 265 153 212 
269 239 251 273 198 250 278 158 249 278 134 250 255 176 250 244 205 243 240 229 231 241 234 230 296 177 243 299 164 220 275 152 210 272 151 209 259 238 249 240 281 239 253 310 244 249 321 232 278 240 246 278 286 236 270 317 242 259 315 246 277 168 249 239 241 228 244 229 228 263 147 203 265 154 212 
269 239 251 273 198 250 278 158 249 278 134 250 255 176 250 246 205 243 240 228 231 242 234 230 296 177 243 299 164 220 275 151 210 272 151 209 259 238 249 240 281 240 252 310 244 249 321 232 278 240 246 278 286 236 270 317 242 259 317 244 277 168 249 243 242 230 244 229 228 262 147 204 265 154 212 
269 239 251 273 198 250 278 158 249 278 134 250 254 177 251 246 205 243 241 228 231 243 233 231 296 177 243 300 165 222 277 153 211 271 151 210 259 238 249 240 280 240 252 310 244 248 321 232 278 240 246 278 286 236 270 317 242 259 318 244 277 168 249 244 242 229 245 229 228 261 147 204 264 154 213 
269 240 250 273 198 250 278 158 249 278 134 250 254 177 251 247 206 243 242 228 231 245 234 231 296 178 244 299 165 222 276 153 211 264 151 210 259 239 249 240 280 240 252 310 244 248 321 232 278 241 245 278 286 236 270 316 242 259 317 244 277 168 249 246 241 230 245 236 228 253 148 204 259 153 213 
268 240 250 273 198 250 278 158 249 278 134 250 254 177 251 247 206 244 243 228 231 246 234 231 296 178 244 298 165 221 273 152 211 264 151 210 259 239 249 239 279 240 251 309 244 247 320 232 278 241 245 278 286 236 270 316 242 258 319 242 277 168 249 248 242 231 246 231 227 253 147 204 260 153 213 
268 240 250 273 198 250 278 158 249 278 134 250 254 178 251 248 206 244 244 228 231 247 234 231 296 178 244 300 166 221 275 153 212 263 151 210 259 239 249 239 279 240 251 310 244 246 321 232 278 241 245 278 285 236 270 316 241 259 323 241 277 168 249 250 241 231 247 229 227 253 147 205 259 153 214 
268 240 250 273 198 250 278 158 249 278 135 250 254 178 251 248 206 244 247 229 231 248 234 231 296 178 244 301 166 221 275 153 212 263 151 210 259 239 249 238 278 240 251 310 244 246 321 232 278 241 245 278 285 236 269 315 242 266 328 232 277 168 249 250 241 232 248 229 227 253 148 205 259 153 214 
268 240 250 273 198 250 278 158 249 278 135 250 254 178 251 249 207 244 247 229 231 250 234 231 296 178 244 298 165 221 273 153 211 263 151 210 259 239 249 237 277 240 250 310 244 246 321 232 278 240 244 278 285 236 269 316 242 268 328 232 277 168 249 252 240 231 251 238 229 253 148 205 258 153 214 
268 240 250 273 198 250 278 158 249 278 135 250 254 178 251 249 207 244 250 230 232 250 231 232 296 177 243 297 165 221 272 152 211 263 151 211 259 239 249 236 274 240 250 310 244 245 321 232 278 240 244 278 285 236 269 316 241 256 318 238 277 168 249 252 239 231 250 227 228 253 148 205 258 153 214 
268 240 250 273 198 250 278 158 249 278 135 251 255 178 251 250 207 244 248 229 232 253 234 232 296 177 243 296 165 220 271 152 212 263 151 211 259 239 249 235 274 240 250 310 244 245 321 232 277 240 244 280 283 232 270 313 241 258 319 239 276 168 249 255 239 232 253 236 229 253 148 206 256 153 215 
268 239 250 273 198 250 278 158 249 278 135 251 254 177 251 250 207 244 248 229 232 255 235 233 296 177 243 296 165 221 270 152 212 263 151 211 258 239 249 234 273 240 250 310 245 245 321 232 277 240 244 280 283 232 270 313 241 258 319 239 276 168 249 257 239 232 252 231 229 253 148 206 256 154 215 
267 239 250 273 198 250 278 158 249 278 135 251 255 178 252 250 207 245 251 229 232 257 235 234 296 177 243 296 165 221 269 154 213 261 151 212 258 239 249 231 271 240 247 313 245 258 305 245 277 240 244 277 285 235 269 315 241 256 318 239 276 168 249 258 239 233 256 236 230 250 149 206 255 154 216 
267 239 250 272 198 250 277 158 249 278 135 251 255 177 252 250 206 245 252 229 232 258 234 234 296 177 243 295 165 220 265 152 212 256 151 212 258 239 249 230 271 240 243 307 243 238 318 231 277 240 244 277 285 236 269 316 241 256 318 238 276 168 249 260 238 233 259 238 231 246 150 207 254 154 216 
267 239 250 272 198 250 277 158 249 278 135 251 255 177 251 250 207 245 253 229 232 259 234 234 296 178 243 294 165 221 265 152 212 256 151 211 257 239 249 229 270 240 243 307 244 238 318 231 276 240 244 276 284 236 269 316 241 256 319 238 276 168 249 261 238 234 257 232 230 246 150 208 253 154 216 
267 240 249 272 198 250 277 157 249 278 135 251 255 177 252 250 207 245 253 230 233 260 234 234 296 178 243 292 165 220 265 153 213 254 152 211 257 239 249 228 269 241 242 308 244 237 318 232 276 240 244 276 284 236 270 316 241 256 319 237 276 167 249 263 238 234 259 234 231 242 151 208 252 155 216 
267 240 250 272 198 250 277 157 249 278 135 251 255 177 252 250 206 245 256 229 233 262 233 235 296 178 243 291 165 220 252 152 213 243 151 210 257 239 249 227 268 241 241 308 244 235 318 232 276 240 244 275 284 236 270 316 240 275 327 239 276 167 249 268 238 235 264 236 231 236 151 209 242 152 209 
266 240 250 272 198 250 277 157 249 278 135 251 255 178 252 251 206 245 257 228 233 263 233 235 296 178 243 291 165 220 252 152 212 245 151 211 257 239 249 226 267 242 237 307 245 231 318 232 276 240 244 275 284 235 270 316 240 275 326 240 276 167 249 267 237 234 263 235 230 235 152 210 244 154 212 
266 240 250 272 198 250 277 157 249 278 136 251 255 178 252 251 206 245 258 228 233 264 231 236 296 178 243 290 166 221 263 155 214 251 153 213 257 239 249 225 267 242 233 307 245 228 318 232 276 240 244 275 284 235 270 316 240 265 327 227 276 167 249 268 236 234 262 232 231 239 151 209 248 156 218 
266 240 250 272 198 250 277 157 249 278 136 250 255 178 252 251 204 246 258 226 234 266 228 237 296 178 243 290 166 221 263 155 214 250 153 213 256 239 249 224 265 243 229 307 245 225 319 243 275 240 244 274 284 235 270 313 240 266 324 228 276 167 249 267 235 232 260 226 232 239 152 210 248 156 218 
265 240 250 271 198 250 277 157 249 278 137 250 254 178 251 251 204 245 260 226 234 268 229 236 296 178 243 288 167 222 249 156 215 239 154 214 255 239 250 222 264 245 213 305 245 207 316 232 274 241 245 274 284 234 270 313 240 259 316 242 276 168 249 272 234 234 267 230 231 229 155 214 243 158 220 
264 240 251 271 198 250 277 157 248 278 137 250 254 178 251 251 204 245 260 226 234 269 228 236 296 178 242 288 167 222 248 156 215 239 155 214 255 240 250 220 265 245 210 305 245 204 316 233 274 241 245 274 284 234 270 313 240 266 324 228 275 168 249 272 234 233 269 231 231 230 155 214 242 158 220 
264 241 251 271 199 250 277 157 248 277 138 250 254 178 251 252 205 246 262 225 234 270 228 236 296 179 242 285 168 221 247 155 215 238 155 215 255 240 250 218 266 246 205 305 246 199 316 233 274 242 245 273 285 234 270 313 240 266 324 228 275 168 249 273 233 232 266 226 231 229 156 215 241 158 218 
264 242 251 270 200 250 276 158 248 277 138 249 254 180 251 251 207 245 263 226 233 271 228 235 295 181 242 284 169 221 245 156 215 235 156 216 254 241 250 217 267 247 203 305 246 194 314 245 273 243 246 272 286 234 270 313 240 266 325 228 275 168 249 275 234 232 271 231 230 227 157 217 235 157 215 
264 242 251 270 200 250 276 158 248 277 138 249 254 182 250 251 208 245 264 226 232 272 229 234 295 181 242 281 170 220 243 157 216 234 157 216 255 241 250 216 268 248 199 306 246 188 314 245 273 243 246 274 284 229 270 313 240 266 325 228 275 168 249 277 234 231 271 228 229 224 159 216 229 157 217 
264 244 252 270 201 250 276 159 247 276 140 249 253 182 250 251 208 242 261 230 231 271 229 232 294 183 240 280 172 220 243 159 217 234 159 218 255 243 251 217 270 250 197 304 247 181 311 246 274 245 246 271 286 231 270 314 240 265 325 228 275 169 248 276 232 230 271 227 227 227 159 217 236 160 219 
264 244 252 270 201 250 276 159 247 276 140 248 253 183 249 251 209 241 263 229 230 272 229 231 294 182 240 278 173 221 248 163 218 238 161 218 254 243 251 218 272 252 194 305 250 179 311 246 274 245 246 271 287 231 269 314 239 265 325 227 275 169 248 278 233 228 270 225 227 227 160 218 233 161 218 
264 245 252 270 202 250 276 159 247 275 141 248 252 185 249 251 210 241 266 227 228 273 229 230 294 183 239 278 174 221 248 164 219 238 162 219 254 245 251 219 274 253 193 306 250 178 310 247 274 246 247 271 285 227 268 314 239 264 325 227 275 170 248 279 234 229 274 230 233 227 161 218 241 165 220 
264 246 254 270 203 251 276 161 246 274 142 248 252 185 248 250 211 240 267 227 228 273 229 229 294 183 239 278 175 221 238 165 220 228 162 220 254 245 253 220 277 254 193 306 251 178 310 248 273 247 249 268 287 232 268 318 238 263 330 226 274 171 248 279 234 228 273 231 232 220 163 221 221 162 221 
264 248 255 270 204 251 276 161 247 273 143 248 252 185 248 250 211 240 268 226 228 272 228 228 293 184 239 274 177 221 235 164 220 225 164 220 254 248 254 218 274 255 198 313 254 180 310 249 274 249 250 264 283 227 268 314 239 263 326 227 274 171 248 279 233 226 275 230 232 219 164 222 220 163 223 
264 250 255 269 206 251 275 163 247 272 145 247 251 188 247 249 214 239 269 226 227 272 229 227 292 186 238 273 177 221 242 167 220 234 166 220 254 250 254 218 274 255 197 309 254 179 310 249 275 250 250 264 283 227 268 316 240 263 327 227 273 174 248 278 234 226 275 231 232 223 165 220 238 169 221 
260 252 257 266 209 252 272 165 247 270 147 247 249 189 247 247 214 237 268 227 226 270 229 225 290 187 238 272 180 222 233 168 221 224 168 222 251 251 255 219 277 257 197 306 256 179 309 250 268 253 252 265 284 226 267 315 239 263 327 227 271 176 248 276 233 225 273 230 232 216 168 223 229 167 221 
259 252 257 265 209 252 271 166 246 269 147 247 248 190 246 246 215 236 263 226 222 267 228 223 289 188 238 271 182 222 240 172 221 232 170 221 250 251 255 219 278 257 195 305 256 179 309 251 268 253 252 263 284 226 266 315 239 261 327 227 270 177 248 274 233 222 272 231 224 221 169 221 225 168 220 
259 253 257 265 210 252 270 167 246 268 148 247 246 193 245 243 216 233 263 224 220 260 224 223 287 188 237 269 184 222 233 172 222 224 171 223 249 253 255 219 278 257 195 305 257 179 310 251 268 253 252 262 284 227 265 315 238 261 327 226 269 178 248 269 230 221 261 227 222 214 171 224 222 170 220 
257 253 257 262 211 252 266 169 246 264 150 247 245 193 245 233 212 233 255 222 221 257 223 221 284 189 237 260 188 222 232 176 222 225 175 223 248 253 255 217 280 258 196 304 258 178 310 252 267 254 251 260 286 227 267 316 240 265 330 235 265 180 248 267 230 219 259 227 221 216 174 223 220 176 221 
257 254 257 261 212 252 264 170 246 262 150 247 243 194 245 231 213 232 255 221 222 255 223 220 284 189 237 260 189 222 232 178 223 224 177 224 248 254 255 217 280 258 196 305 258 179 311 252 267 254 251 259 286 227 267 316 240 260 328 233 264 180 248 264 229 219 256 226 220 213 174 225 218 178 222 
256 254 257 259 213 252 262 170 247 260 151 247 242 194 246 230 212 231 250 222 219 248 220 220 284 189 237 257 190 223 229 180 223 221 178 225 247 254 256 216 280 258 195 306 258 177 312 253 266 254 251 257 286 227 267 316 240 260 329 233 261 181 248 258 225 217 246 223 222 210 177 225 215 179 223 
253 254 258 256 213 253 259 171 247 257 152 247 239 193 247 229 210 232 248 222 219 246 220 220 277 190 237 258 193 222 230 183 224 223 181 225 244 254 257 215 280 258 184 310 258 171 314 251 262 254 252 257 288 228 266 316 240 259 328 232 259 182 248 256 225 217 241 222 222 211 177 225 222 184 225 
252 254 258 255 214 253 257 172 247 254 153 247 239 193 247 220 207 235 237 219 221 242 218 218 277 190 237 256 194 223 227 184 224 218 182 226 243 254 257 214 279 258 185 310 258 172 314 252 262 255 252 254 291 231 266 318 239 257 329 232 257 182 249 251 224 216 242 222 219 208 179 226 219 185 225 
250 255 258 252 214 253 254 173 247 252 153 247 235 191 249 222 206 234 236 219 220 239 218 218 272 191 237 247 197 222 215 183 227 207 181 227 241 254 258 212 279 258 185 310 258 172 314 252 259 255 253 254 290 229 266 316 240 259 328 232 253 183 249 247 222 217 249 224 219 200 181 228 209 184 226 
243 255 260 245 215 254 246 174 248 243 155 248 230 185 250 217 206 230 234 223 213 240 229 208 266 191 238 247 199 223 215 186 227 206 185 229 236 253 259 207 278 258 185 309 258 172 315 252 251 257 255 254 289 230 266 316 241 259 327 232 246 184 250 248 234 206 250 235 208 196 183 229 204 187 227 
243 255 260 244 215 255 245 174 248 241 155 248 230 187 250 210 203 234 228 220 215 235 227 209 266 191 238 242 200 224 214 191 227 206 187 229 236 254 259 205 278 258 185 309 258 172 315 252 250 257 255 254 289 229 265 316 240 259 329 232 245 185 250 243 231 208 245 232 210 197 184 229 200 187 227 
241 255 261 242 216 255 242 175 248 239 155 248 222 188 250 207 201 234 224 219 215 230 226 208 259 193 239 240 202 225 204 188 229 197 186 230 234 254 260 203 278 258 184 308 258 172 316 252 249 257 256 253 287 230 263 316 240 255 328 232 242 185 250 238 231 207 240 232 209 191 185 231 194 187 228 
240 255 261 241 216 255 242 175 248 235 156 248 222 188 250 201 202 230 221 222 213 229 229 207 260 193 239 239 203 225 203 194 232 196 189 232 233 254 260 201 278 258 184 309 257 172 316 252 248 257 256 253 287 230 262 317 240 255 329 232 242 185 250 237 233 206 239 234 208 189 186 231 189 187 230 
238 256 263 235 217 256 234 177 249 232 157 249 218 189 251 199 200 231 206 206 222 210 208 219 254 194 239 236 205 225 210 196 230 199 193 231 230 254 262 198 278 258 183 307 257 172 317 252 246 257 257 252 285 231 261 317 239 254 328 232 234 187 251 217 213 214 219 204 223 193 187 231 196 202 226 
236 256 263 234 217 256 232 177 249 229 157 249 215 189 252 196 198 233 202 205 223 204 208 219 252 194 240 235 206 225 199 195 231 192 192 232 228 254 262 196 278 258 182 309 257 171 317 253 244 257 257 252 285 231 261 317 239 255 330 232 233 187 251 211 212 214 202 200 216 185 187 233 190 200 228 
232 256 263 229 217 257 226 177 249 221 159 250 208 191 253 196 198 233 209 219 214 213 227 207 245 194 240 226 209 227 198 203 230 190 198 229 224 255 262 191 278 257 185 312 256 172 315 253 240 258 257 251 284 231 260 317 240 256 331 233 226 188 251 220 231 203 211 218 205 183 193 231 185 203 221 
229 257 264 227 218 257 224 178 250 219 159 250 206 191 254 194 199 233 206 220 214 210 228 208 243 194 241 225 209 228 197 203 229 189 200 230 222 255 263 189 279 257 186 312 256 173 315 253 237 258 258 249 283 232 259 316 240 256 331 233 225 188 252 218 232 203 208 219 205 180 194 232 182 204 220 
228 257 264 225 218 257 221 178 250 217 160 251 204 192 255 190 200 234 187 200 229 178 201 222 241 194 241 223 210 228 195 204 232 187 199 232 221 256 263 187 278 257 186 312 256 173 316 252 236 258 258 247 282 231 258 316 240 255 331 233 222 188 252 179 201 218 174 201 222 176 193 232 183 199 228 
226 256 264 222 218 258 218 178 250 214 160 251 201 193 256 188 200 235 170 200 218 174 201 222 237 195 242 221 211 228 186 203 232 184 200 233 219 255 264 185 278 257 183 312 255 171 317 252 232 257 258 246 281 232 258 316 240 252 330 233 219 188 253 178 202 217 171 199 222 178 193 232 186 204 230 
223 255 265 219 218 258 215 178 251 211 160 251 197 194 257 184 202 237 168 203 218 162 203 213 234 195 242 212 213 229 185 204 232 177 201 230 216 254 265 183 278 257 183 312 255 171 318 252 230 257 258 245 280 233 257 316 240 250 328 233 216 188 253 167 204 208 159 202 213 166 199 224 177 196 234 
222 256 265 218 218 259 213 179 251 209 160 252 196 194 257 182 202 238 168 203 219 167 201 222 234 195 242 212 213 229 184 206 232 177 202 234 215 255 265 181 277 257 183 312 255 171 319 251 229 257 258 244 280 233 256 315 240 243 321 235 214 189 253 164 197 221 161 199 225 171 194 236 183 203 235 
